1_BV1,108_av2,119_V2,1197_REn,120_V1,1307_hypothetical_protein,1312_V3_protein,1313_V2_protein,1329_1R2b,133_movement_protein,1331_AL5,1336_capsid,1337_putative_movement_pr..,1338_putative_replication..,1339_Rep,134_capsid_protein,135_replication_associat..,136_RepA,1375_V2,1445_hypothetical_protein,1683_AC5,169_orf6,171_orf7,19_AC4,194_V3,195_V2,197_C2,2_BC1,2062_BV1,2123_truncated_V2,2140_AC4,2214_hypothetical_protein,2241_C3,2354_V3,2355_V2,2361_hypothetical_protein,2367_AL2,242_AV3,267_movement_protein,285_hypothetical_protein,286_hypothetical_protein,2867_ORF_V2,2969_BV2,3030_V2,322_AC5,33_AV2,385_AC1,4_AC3,485_AC1,5_AC2,547_C5,575_AC5,676_AC4,7_AC4,729_movement_protein,776_V2,848_V2_protein,850_V3_protein,853_C3_protein,858_AV3_protein,87_V4,88_V2,89_V3,911_C4,923_C2,93_C3,939_C2
1101.73828125,-1012.6302490234375,-997.13330078125,-1029.6058349609375,-1078.730712890625,-1003.1309204101562,-985.21954345703125,-1054.0257568359375,-985.95477294921875,-983.7633056640625,-1003.35986328125,-1396.152587890625,-994.67803955078125,-1006.8265991210938,-1348.8427734375,-1177.3704833984375,-1449.2396240234375,-1251.154541015625,-958.02587890625,-1011.304931640625,-983.3988037109375,-1004.8283081054688,-994.3065185546875,-966.868408203125,-1009.3267211914062,-1004.06201171875,-1004.8271484375,-1259.567626953125,-899.96405029296875,-1014.1840209960938,-991.3463134765625,-1047.0252685546875,-1002.1328125,-972.8709716796875,-1019.5753173828125,-991.40838623046875,-974.508056640625,-1002.3760375976562,-971.22296142578125,-1014.3739013671875,-1044.735107421875,-988.45703125,-997.8309326171875,-1014.3309936523438,-999.4102783203125,-1018.2172241210938,-1547.4259033203125,-945.63665771484375,-1109.2962646484375,-976.42083740234375,-1011.68017578125,-976.4158935546875,-996.655029296875,-989.37408447265625,-1014.4989624023438,-996.06451416015625,-1068.1346435546875,-994.97930908203125,-1053.4781494140625,-983.048828125,-1016.0023193359375,-976.71112060546875,-1026.2435302734375,-993.49627685546875,-977.7034912109375,-1025.541015625,-1056.8492431640625
-1012.6302490234375,503.5297546386719,-529.00830078125,-609.01513671875,-997.13531494140625,-612.11932373046875,-514.17340087890625,-558.43011474609375,-414.9490966796875,-493.3581848144531,-446.9500427246094,-1279.598388671875,-517.77154541015625,-514.09478759765625,-1208.656982421875,-1039.0670166015625,-1338.857421875,-1046.4827880859375,-462.5799255371094,-525.096923828125,-524.4656982421875,-573.1180419921875,-511.8628234863281,-477.92388916015625,-496.7507629394531,-499.3156433105469,-614.92388916015625,-1073.81103515625,-1057.916748046875,-340.7533264160156,-500.0115661621094,-768.39178466796875,-583.402099609375,-486.4090576171875,-530.7117919921875,-464.3576354980469,-670.054443359375,-570.5787353515625,-535.31561279296875,-531.71051025390625,-551.0224609375,-500.7313232421875,-532.16546630859375,-588.96575927734375,-498.18499755859375,-68.51751708984375,-1406.287841796875,-546.8826904296875,-763.1746826171875,-608.96551513671875,-696.1875,-498.42413330078125,-534.35577392578125,-529.03857421875,-512.21160888671875,-469.943359375,-670.21759033203125,-558.16546630859375,-672.016357421875,-538.49224853515625,-468.14349365234375,-453.4245300292969,-566.5823974609375,-464.1416931152344,-615.79705810546875,-555.148193359375,-674.96514892578125
-997.13330078125,-529.00830078125,414.5079345703125,-554.01409912109375,-988.39306640625,-612.966552734375,-496.7012023925781,-598.601806640625,-409.2492370605469,-484.6790466308594,-393.5307922363281,-1344.0887451171875,-464.8150329589844,-427.5520324707031,-1184.631591796875,-1007.3455810546875,-1355.917724609375,-1049.068359375,-458.5542297363281,-429.0740051269531,-476.6410217285156,-518.2266845703125,-448.5763854980469,-447.61669921875,-476.3337707519531,-467.4493408203125,-603.31195068359375,-1062.764892578125,-1072.15380859375,-363.2696533203125,-463.0231628417969,-814.94342041015625,-584.428466796875,-441.7485656738281,-538.424072265625,-425.3785400390625,-635.88482666015625,-546.79583740234375,-477.5777893066406,-486.6861572265625,-551.581298828125,-456.2957763671875,-562.59136962890625,-509.8247985839844,-471.3997497558594,-526.48870849609375,-1435.9169921875,-539.35797119140625,-743.2772216796875,-551.8165283203125,-648.16357421875,-447.7530212402344,-461.225341796875,-531.4678955078125,-459.7659606933594,-420.9872131347656,-673.8016357421875,-537.8582763671875,-677.85784912109375,-510.79473876953125,-462.31072998046875,-370.1380920410156,-562.6895751953125,-420.17974853515625,-616.46539306640625,-544.6676025390625,-623.209228515625
-1029.6058349609375,-609.01513671875,-554.01409912109375,568.08453369140625,-991.93951416015625,-698.59722900390625,-573.0765380859375,-697.80023193359375,-496.71002197265625,-538.07525634765625,-517.35992431640625,-1322.097900390625,-516.1434326171875,-601.248046875,-1237.352783203125,-1038.587646484375,-961.0478515625,-1074.398193359375,-503.1226501464844,-521.27490234375,-561.6190185546875,-639.705810546875,-558.3177490234375,-567.3812255859375,-555.12255859375,-567.7105712890625,-444.04705810546875,-1093.4649658203125,-1036.110595703125,-529.2696533203125,-541.85919189453125,-818.911376953125,-616.62396240234375,-569.75189208984375,-637.4439697265625,-529.75042724609375,-698.6456298828125,-622.83636474609375,-601.81646728515625,-598.1654052734375,-646.92291259765625,-580.621337890625,-591.4666748046875,-613.79248046875,-570.07867431640625,-615.6641845703125,-1028.0050048828125,-565.2313232421875,-228.09518432617188,-659.7969970703125,-740.74810791015625,-545.03485107421875,-564.7542724609375,-613.05694580078125,-565.55450439453125,-521.2943115234375,-723.55999755859375,-602.29351806640625,-728.72503662109375,-620.63958740234375,-515.97259521484375,-534.50994873046875,-605.99365234375,-524.55157470703125,-676.03961181640625,-603.0753173828125,-741.66290283203125
-1078.730712890625,-997.13531494140625,-988.39306640625,-991.93951416015625,1078.566162109375,-1022.2888793945312,-998.39617919921875,-1036.61376953125,-984.77789306640625,-951.3016357421875,-973.93292236328125,-1393.4571533203125,-958.10894775390625,-998.90625,-1316.2916259765625,-1105.167236328125,-1506.74609375,-1283.9093017578125,-991.99920654296875,-1019.475830078125,-968.45745849609375,-992.72216796875,-975.72979736328125,-991.78302001953125,-984.24176025390625,-985.1785888671875,-1024.348876953125,-1232.8311767578125,-1155.4658203125,-996.38531494140625,-990.05963134765625,-1058.1982421875,-1001.6556396484375,-992.680908203125,-989.78460693359375,-974.1524658203125,-1005.932373046875,-1038.00048828125,-1003.0488891601562,-1018.7794189453125,-1047.368896484375,-1000.549072265625,-976.919677734375,-991.1160888671875,-999.9827880859375,-1053.1318359375,-1526.5897216796875,-969.74322509765625,-1071.306640625,-972.553955078125,-1079.85009765625,-979.32696533203125,-1026.453369140625,-954.831787109375,-969.13677978515625,-963.259765625,-1058.87451171875,-1007.7232666015625,-1011.3727416992188,-1012.1946411132812,-1023.0879516601562,-993.79620361328125,-1000.0722045898438,-978.95355224609375,-1030.481689453125,-972.70257568359375,-1027.04638671875
-1003.1309204101562,-612.11932373046875,-612.966552734375,-698.59722900390625,-1022.2888793945312,576.69183349609375,-602.13885498046875,-698.8028564453125,-526.3382568359375,-559.18707275390625,-536.44525146484375,-1338.31396484375,-581.1871337890625,-537.62017822265625,-1239.8092041015625,-979.400146484375,-1395.8360595703125,-1099.1534423828125,-571.665283203125,-570.66009521484375,-559.20916748046875,-593.1217041015625,-556.18499755859375,-527.95037841796875,-575.85919189453125,-594.49200439453125,-663.166748046875,-1118.8953857421875,-1057.3321533203125,-528.35504150390625,-539.31640625,-832.58087158203125,-597.4244384765625,-569.42620849609375,-621.94488525390625,-538.29302978515625,-706.92291259765625,-649.61785888671875,-604.100830078125,-605.46673583984375,-668.44464111328125,-601.577392578125,-523.36431884765625,-654.731201171875,-555.2322998046875,-627.70556640625,-1412.18115234375,-598.51434326171875,-806.318603515625,-668.81304931640625,-710.728759765625,-559.0162353515625,-587.90411376953125,-630.22540283203125,-534.2301025390625,-570.24700927734375,-748.44842529296875,-609.208251953125,-750.22406005859375,-552.40447998046875,-588.31402587890625,-520.8818359375,-668.31195068359375,-510.9233703613281,-634.40350341796875,-610.68853759765625,-697.3824462890625
-985.21954345703125,-514.17340087890625,-496.7012023925781,-573.0765380859375,-998.39617919921875,-602.13885498046875,444.11566162109375,-629.7366943359375,-416.7145690917969,-441.0608215332031,-429.3599548339844,-1307.048095703125,-475.7552185058594,-437.67083740234375,-1189.762451171875,-1030.84765625,-1357.248779296875,-1063.9332275390625,-473.7498474121094,-404.903076171875,-462.9898681640625,-535.83978271484375,-446.6954345703125,-457.5334167480469,-474.59942626953125,-482.9667663574219,-615.07659912109375,-1072.767578125,-1021.6149291992188,-411.81231689453125,-467.1535949707031,-755.18927001953125,-551.19232177734375,-454.2347106933594,-517.907958984375,-442.2062683105469,-619.25433349609375,-561.3836669921875,-484.9573059082031,-497.4864807128906,-588.88250732421875,-453.0715637207031,-492.8605651855469,-541.19073486328125,-460.2080383300781,-507.0349426269531,-1368.877197265625,-558.5072021484375,-733.93316650390625,-588.864013671875,-703.90289306640625,-492.7738342285156,-472.3142395019531,-544.22113037109375,-465.0084228515625,-441.9433288574219,-704.16888427734375,-520.16558837890625,-654.33935546875,-519.93798828125,-439.5140075683594,-402.87823486328125,-573.64593505859375,-416.2175598144531,-599.858154296875,-513.38385009765625,-604.4312744140625
-1054.0257568359375,-558.43011474609375,-598.601806640625,-697.80023193359375,-1036.61376953125,-698.8028564453125,-629.7366943359375,641.24658203125,-577.1466064453125,-636.75030517578125,-585.35986328125,-1340.02783203125,-589.69189453125,-608.97088623046875,-1236.26318359375,-1036.917724609375,-1415.245849609375,-1075.9373779296875,-599.1075439453125,-592.7967529296875,-625.8199462890625,-663.121337890625,-619.163818359375,-602.12481689453125,-600.84173583984375,-613.38348388671875,-714.85791015625,-1142.480224609375,-1088.913330078125,-560.11578369140625,-650.40185546875,-860.156494140625,-671.07867431640625,-632.6019287109375,-574.214111328125,-598.8585205078125,-744.18621826171875,-645.9520263671875,-617.16680908203125,-588.1689453125,-547.04803466796875,-601.30035400390625,-637.31884765625,-670.18731689453125,-619.40643310546875,-524.95782470703125,-1410.9058837890625,-641.92608642578125,-787.21392822265625,-696.07672119140625,-758.53466796875,-623.034912109375,-637.8812255859375,-692.29803466796875,-589.75555419921875,-596.44781494140625,-730.56158447265625,-656.20562744140625,-737.77655029296875,-656.44573974609375,-608.5797119140625,-601.42431640625,-573.41632080078125,-586.3389892578125,-688.0579833984375,-680.1053466796875,-750.678955078125
-985.95477294921875,-414.9490966796875,-409.2492370605469,-496.71002197265625,-984.77789306640625,-526.3382568359375,-416.7145690917969,-577.1466064453125,266.46929931640625,-368.7977600097656,-287.4626159667969,-1311.825439453125,-377.97833251953125,-386.5518798828125,-1180.6064453125,-962.2354736328125,-1354.8719482421875,-1043.692626953125,-369.5028991699219,-376.17529296875,-433.3554382324219,-455.6627502441406,-355.04888916015625,-363.6326599121094,-394.91900634765625,-422.9455871582031,-559.11993408203125,-1048.064453125,-1032.979248046875,-248.41973876953125,-381.6961364746094,-732.77838134765625,-553.97833251953125,-408.6419677734375,-472.3382263183594,-273.5078125,-596.57708740234375,-513.96636962890625,-445.04888916015625,-455.7273254394531,-574.5770263671875,-416.44305419921875,-467.2908630371094,-466.4064025878906,-416.91900634765625,-417.5564880371094,-1395.1494140625,-487.29083251953125,-706.94915771484375,-525.32098388671875,-646.6417236328125,-392.7065124511719,-403.8981628417969,-459.8843994140625,-417.29083251953125,-336.0274353027344,-650.40606689453125,-468.9490966796875,-649.49169921875,-427.2492980957031,-393.0898742675781,-284.0929870605469,-505.79534912109375,-293.7003173828125,-517.689208984375,-512.33465576171875,-591.32098388671875
-983.7633056640625,-493.3581848144531,-484.6790466308594,-538.07525634765625,-951.3016357421875,-559.18707275390625,-441.0608215332031,-636.75030517578125,-368.7977600097656,349.9516296386719,-324.9881286621094,-1276.267578125,-401.2744140625,-415.85333251953125,-1205.217041015625,-1007.1110229492188,-1369.592041015625,-1022.0668334960938,-406.203857421875,-366.7935791015625,-408.0982971191406,-508.3788757324219,-417.6564636230469,-401.400634765625,-382.8460693359375,-431.59722900390625,-581.8360595703125,-1077.2813720703125,-1031.220703125,-348.1745910644531,-397.6236877441406,-754.95135498046875,-512.13128662109375,-439.3844299316406,-493.9920654296875,-360.8863220214844,-584.8782958984375,-573.42633056640625,-449.90643310546875,-463.31658935546875,-584.98974609375,-415.1858215332031,-442.842041015625,-506.1664733886719,-416.9677734375,-502.98626708984375,-1369.5927734375,-479.7299499511719,-710.08673095703125,-589.53240966796875,-651.36102294921875,-454.6604309082031,-449.7724609375,-500.27569580078125,-352.8420104980469,-324.85797119140625,-652.844970703125,-505.72998046875,-639.3614501953125,-429.326904296875,-390.2692565917969,-349.9673156738281,-582.443359375,-353.1045227050781,-545.79803466796875,-507.187255859375,-634.579833984375
-1003.35986328125,-446.9500427246094,-393.5307922363281,-517.35992431640625,-973.93292236328125,-536.44525146484375,-429.3599548339844,-585.35986328125,-287.4626159667969,-324.9881286621094,193.6649932861328,-1335.1884765625,-336.44537353515625,-335.70166015625,-1192.47509765625,-971.9329833984375,-1357.0174560546875,-1026.6463623046875,-344.2444152832031,-308.44189453125,-380.07354736328125,-429.9672546386719,-396.07354736328125,-310.0735778808594,-342.98809814453125,-410.073486328125,-550.44525146484375,-1058.3046875,-1028.103759765625,-201.72564697265625,-315.66009521484375,-736.2745361328125,-500.81719970703125,-365.9026794433594,-463.5307922363281,-217.899169921875,-596.27423095703125,-501.3599548339844,-432.8171691894531,-442.9880676269531,-554.03179931640625,-386.0735168457031,-436.9880676269531,-499.3598937988281,-281.6451110839844,-444.81719970703125,-1405.9326171875,-465.9026794433594,-708.817138671875,-512.20623779296875,-632.2744140625,-376.9880676269531,-370.0735168457031,-451.3146667480469,-385.3599548339844,-305.7016906738281,-682.16455078125,-492.4453125,-598.6463623046875,-398.1647033691406,-331.29180908203125,-233.02259826660156,-526.98797607421875,-226.8517608642578,-526.9881591796875,-472.8172302246094,-579.42449951171875
-1396.152587890625,-1279.598388671875,-1344.0887451171875,-1322.097900390625,-1393.4571533203125,-1338.31396484375,-1307.048095703125,-1340.02783203125,-1311.825439453125,-1276.267578125,-1335.1884765625,1471.857421875,-1282.308837890625,-1286.051513671875,-1539.2568359375,-1367.322998046875,-1646.79541015625,-1483.374755859375,-1319.0452880859375,-1313.9765625,-1353.477294921875,-1292.858154296875,-1298.548828125,-1331.54345703125,-1310.879150390625,-1312.502197265625,-1327.5966796875,-1493.1630859375,-1445.554443359375,-1335.470458984375,-1296.154541015625,-1345.753662109375,-1285.1461181640625,-1298.3544921875,-1344.28466796875,-1321.6092529296875,-1321.595947265625,-1308.2685546875,-1267.2265625,-1311.051513671875,-1349.376220703125,-1328.657470703125,-1283.4237060546875,-1276.667724609375,-1320.6956787109375,-1319.09326171875,-1622.1650390625,-1314.486328125,-1342.903076171875,-1298.2491455078125,-1323.750244140625,-1334.5894775390625,-1343.3677978515625,-1278.4892578125,-1324.8330078125,-1320.7158203125,-1378.855224609375,-1317.351806640625,-1350.42236328125,-1325.42041015625,-1309.5926513671875,-1328.5400390625,-1308.31396484375,-1286.953125,-1315.6002197265625,-1344.633544921875,-1311.1142578125
-994.67803955078125,-517.77154541015625,-464.8150329589844,-516.1434326171875,-958.10894775390625,-581.1871337890625,-475.7552185058594,-589.69189453125,-377.97833251953125,-401.2744140625,-336.44537353515625,-1282.308837890625,369.49859619140625,-388.9346618652344,-1182.852294921875,-976.24127197265625,-1368.613037109375,-1043.6573486328125,-436.6888732910156,-428.11419677734375,-426.57635498046875,-520.921630859375,-436.60028076171875,-365.2714538574219,-393.96551513671875,-484.54974365234375,-608.55328369140625,-1028.1392822265625,-1019.1561889648438,-339.4405212402344,-398.9680480957031,-760.45013427734375,-479.5780334472656,-439.1607360839844,-535.83612060546875,-380.4639892578125,-572.47723388671875,-537.70697021484375,-462.2306823730469,-473.5555725097656,-561.99560546875,-455.9794921875,-466.8570251464844,-530.85693359375,-431.2483825683594,-495.0959777832031,-1364.138427734375,-535.6617431640625,-744.3441162109375,-574.1016845703125,-652.04278564453125,-401.6202697753906,-454.0301208496094,-467.9327392578125,-438.3813171386719,-389.57147216796875,-634.84539794921875,-544.61785888671875,-619.0579833984375,-489.19537353515625,-404.7056884765625,-387.3944396972656,-576.9896240234375,-363.5177917480469,-582.9482421875,-507.29345703125,-580.21136474609375
-1006.8265991210938,-514.09478759765625,-427.5520324707031,-601.248046875,-998.90625,-537.62017822265625,-437.67083740234375,-608.97088623046875,-386.5518798828125,-415.85333251953125,-335.70166015625,-1286.051513671875,-388.9346618652344,323.8302001953125,-1179.3082275390625,-988.66705322265625,-1361.679443359375,-1066.193115234375,-419.2528381347656,-390.4595031738281,-424.0948181152344,-485.3395690917969,-412.1984558105469,-372.0912170410156,-388.2505798339844,-437.07391357421875,-585.6846923828125,-1016.3560791015625,-975.4794921875,-324.3550720214844,-350.328857421875,-765.82122802734375,-471.9273376464844,-387.6202392578125,-522.29217529296875,-337.6821594238281,-574.083251953125,-500.3639221191406,-438.3866882324219,-448.3603515625,-617.53338623046875,-412.94000244140625,-434.25408935546875,-534.87652587890625,-408.0797424316406,-472.4932556152344,-1381.570068359375,-471.8406982421875,-771.6199951171875,-526.19305419921875,-655.77593994140625,-423.2031555175781,-373.8406982421875,-472.8514404296875,-408.16302490234375,-358.41790771484375,-709.684326171875,-523.64324951171875,-631.44921875,-441.10052490234375,-382.87646484375,-341.76629638671875,-579.24822998046875,-321.37677001953125,-518.45159912109375,-485.6202392578125,-606.53466796875
-1348.8427734375,-1208.656982421875,-1184.631591796875,-1237.352783203125,-1316.2916259765625,-1239.8092041015625,-1189.762451171875,-1236.26318359375,-1180.6064453125,-1205.217041015625,-1192.47509765625,-1539.2568359375,-1182.852294921875,-1179.3082275390625,1342.74609375,-1342.6634521484375,-1200.8388671875,-1159.97607421875,-1209.58837890625,-1209.103515625,-1191.307373046875,-1216.6571044921875,-1200.851806640625,-1187.611572265625,-1204.412109375,-1183.310791015625,-1178.3309326171875,-1366.864501953125,-1426.1092529296875,-1226.555419921875,-1222.6324462890625,-1264.2451171875,-1236.13330078125,-1204.157470703125,-1186.15576171875,-1182.69482421875,-1229.7015380859375,-1249.631103515625,-1183.1959228515625,-1207.419921875,-1249.919677734375,-1198.115234375,-1193.83349609375,-1228.57275390625,-1227.9827880859375,-1205.0283203125,-1564.0703125,-1217.8984375,-1237.904296875,-1244.484619140625,-1269.3333740234375,-1181.3341064453125,-1221.19677734375,-1216.220703125,-1205.2427978515625,-1188.546142578125,-1251.1810302734375,-1193.309326171875,-1259.204833984375,-1177.59130859375,-1199.45947265625,-1187.45458984375,-1200.0750732421875,-1218.0386962890625,-1208.723388671875,-1240.701904296875,-1242.98486328125
-1177.3704833984375,-1039.0670166015625,-1007.3455810546875,-1038.587646484375,-1105.167236328125,-979.400146484375,-1030.84765625,-1036.917724609375,-962.2354736328125,-1007.1110229492188,-971.9329833984375,-1367.322998046875,-976.24127197265625,-988.66705322265625,-1342.6634521484375,1106.0419921875,-1523.6373291015625,-1281.730224609375,-615.75592041015625,-1006.3905029296875,-992.93524169921875,-992.759521484375,-1000.044189453125,-1015.3423461914062,-993.32666015625,-1013.0452880859375,-1016.5236206054688,-1243.787109375,-1183.2227783203125,-1005.9036865234375,-983.71807861328125,-1087.8255615234375,-1006.3754272460938,-987.67926025390625,-1007.240966796875,-1005.4086303710938,-1039.02685546875,-1020.7175903320312,-1043.3294677734375,-1028.783447265625,-1056.155029296875,-1025.4368896484375,-999.26080322265625,-995.08587646484375,-1001.2391967773438,-1049.91357421875,-1555.1551513671875,-1007.765625,-1089.7279052734375,-996.5233154296875,-1037.4404296875,-1007.3041381835938,-1020.411865234375,-995.54510498046875,-999.04180908203125,-970.71697998046875,-1113.26611328125,-998.43695068359375,-1048.6962890625,-1007.59130859375,-1022.8488159179688,-992.33935546875,-1040.13232421875,-990.75225830078125,-1025.3929443359375,-1012.8732299804688,-1019.9199829101562
-1449.2396240234375,-1338.857421875,-1355.917724609375,-961.0478515625,-1506.74609375,-1395.8360595703125,-1357.248779296875,-1415.245849609375,-1354.8719482421875,-1369.592041015625,-1357.0174560546875,-1646.79541015625,-1368.613037109375,-1361.679443359375,-1200.8388671875,-1523.6373291015625,1540.716796875,-1261.792236328125,-1397.3533935546875,-1346.048095703125,-1352.05078125,-1365.7720947265625,-1383.7662353515625,-1348.35546875,-1365.155517578125,-1367.852783203125,-1170.1026611328125,-1505.886962890625,-1489.8203125,-1389.470703125,-1201.748779296875,-1394.4461669921875,-1377.6607666015625,-1387.6370849609375,-1343.642578125,-1384.5235595703125,-1372.4716796875,-1406.0328369140625,-1386.243408203125,-1355.5941162109375,-1376.7537841796875,-1384.69580078125,-1408.375244140625,-1338.796630859375,-1383.742431640625,-1387.832275390625,-1295.388427734375,-1387.40087890625,-625.56072998046875,-1325.66162109375,-1406.554931640625,-1354.248046875,-1363.568603515625,-1322.489013671875,-1353.272705078125,-1383.63134765625,-1348.368408203125,-1390.553955078125,-1359.4052734375,-1372.1337890625,-1379.65966796875,-1404.71044921875,-1356.21142578125,-1370.953125,-1371.6614990234375,-1370.3603515625,-1381.424072265625
-1251.154541015625,-1046.4827880859375,-1049.068359375,-1074.398193359375,-1283.9093017578125,-1099.1534423828125,-1063.9332275390625,-1075.9373779296875,-1043.692626953125,-1022.0668334960938,-1026.6463623046875,-1483.374755859375,-1043.6573486328125,-1066.193115234375,-1159.97607421875,-1281.730224609375,-1261.792236328125,1161.990234375,-1067.6912841796875,-1047.8475341796875,-1065.524169921875,-1057.8719482421875,-1030.415771484375,-1065.7144775390625,-1003.8319091796875,-1059.242431640625,-1096.218994140625,-1276.0179443359375,-1286.983154296875,-1041.26904296875,-1023.0049438476562,-1136.04931640625,-1022.0303344726562,-1057.265869140625,-1029.9166259765625,-1035.23779296875,-1011.8353881835938,-1049.461181640625,-1032.61572265625,-1057.9368896484375,-1106.803955078125,-1025.409423828125,-1040.17529296875,-1032.7440185546875,-1041.5009765625,-1022.6124877929688,-1475.216796875,-1077.3289794921875,-1128.7021484375,-1018.5125122070312,-1096.05126953125,-1057.67578125,-1065.3681640625,-1056.483154296875,-1016.699951171875,-1032.174072265625,-1115.242431640625,-1067.723388671875,-1041.0955810546875,-1042.304443359375,-1031.459716796875,-1052.7108154296875,-1044.5233154296875,-1042.209716796875,-1036.151123046875,-1065.958251953125,-1096.0701904296875
-958.02587890625,-462.5799255371094,-458.5542297363281,-503.1226501464844,-991.99920654296875,-571.665283203125,-473.7498474121094,-599.1075439453125,-369.5028991699219,-406.203857421875,-344.2444152832031,-1319.0452880859375,-436.6888732910156,-419.2528381347656,-1209.58837890625,-615.75592041015625,-1397.3533935546875,-1067.6912841796875,359.52215576171875,-415.7689514160156,-434.6640930175781,-480.4931945800781,-381.27978515625,-416.56927490234375,-417.6998596191406,-428.139892578125,-564.469970703125,-1077.8653564453125,-1032.780517578125,-352.89776611328125,-394.7989196777344,-796.77685546875,-564.82037353515625,-473.05084228515625,-514.59930419921875,-374.46392822265625,-634.75048828125,-550.921630859375,-493.7552185058594,-495.552001953125,-576.94805908203125,-446.20379638671875,-463.8362121582031,-516.9066162109375,-458.07171630859375,-514.921630859375,-1433.998291015625,-526.00701904296875,-757.69195556640625,-577.29327392578125,-649.1220703125,-424.4480285644531,-472.504638671875,-537.04461669921875,-456.5728454589844,-368.9871520996094,-696.841796875,-516.33734130859375,-664.16632080078125,-473.52899169921875,-464.6524658203125,-348.1380920410156,-554.64447021484375,-337.1470642089844,-574.37884521484375,-528.20440673828125,-614.6444091796875
-1011.304931640625,-525.096923828125,-429.0740051269531,-521.27490234375,-1019.475830078125,-570.66009521484375,-404.903076171875,-592.7967529296875,-376.17529296875,-366.7935791015625,-308.44189453125,-1313.9765625,-428.11419677734375,-390.4595031738281,-1209.103515625,-1006.3905029296875,-1346.048095703125,-1047.8475341796875,-415.7689514160156,311.37518310546875,-435.6166687011719,-484.1593322753906,-427.85211181640625,-391.19964599609375,-407.1481628417969,-458.48602294921875,-553.27490234375,-1074.9329833984375,-1051.475341796875,-304.6392822265625,-357.16162109375,-777.7757568359375,-509.8822326660156,-398.64544677734375,-513.16156005859375,-335.9568786621094,-618.8614501953125,-559.07391357421875,-461.40472412109375,-350.28082275390625,-552.1212158203125,-427.0323486328125,-472.964111328125,-538.99072265625,-442.1593933105469,-517.83709716796875,-1387.6767578125,-471.4457702636719,-697.19512939453125,-534.36029052734375,-646.732177734375,-404.159423828125,-406.7020568847656,-507.2635803222656,-413.073974609375,-352.9189758300781,-685.64654541015625,-551.2447509765625,-657.57861328125,-474.5583801269531,-372.25054931640625,-319.2236022949219,-551.4456787109375,-320.4311218261719,-552.12127685546875,-543.37762451171875,-618.732177734375
-983.3988037109375,-524.4656982421875,-476.6410217285156,-561.6190185546875,-968.45745849609375,-559.20916748046875,-462.9898681640625,-625.8199462890625,-433.3554382324219,-408.0982971191406,-380.07354736328125,-1353.477294921875,-426.57635498046875,-424.0948181152344,-1191.307373046875,-992.93524169921875,-1352.05078125,-1065.524169921875,-434.6640930175781,-435.6166687011719,417.4561462402344,-519.94244384765625,-487.1341247558594,-395.64324951171875,-440.13995361328125,-478.55340576171875,-593.5093994140625,-1061.4776611328125,-1026.935546875,-399.8123779296875,-386.59942626953125,-749.8463134765625,-518.73126220703125,-457.9044189453125,-461.9991149902344,-384.4905090332031,-618.3629150390625,-534.01422119140625,-489.8131408691406,-493.2288513183594,-621.2471923828125,-457.9425048828125,-493.70697021484375,-534.16192626953125,-461.4413757324219,-529.6654052734375,-1410.964599609375,-531.81317138671875,-750.49554443359375,-584.161865234375,-674.9517822265625,-457.119140625,-479.9158935546875,-541.12255859375,-451.8362121582031,-419.83355712890625,-642.324951171875,-522.6630859375,-674.60284423828125,-445.5592041015625,-434.2462158203125,-383.42449951171875,-580.1617431640625,-384.0088806152344,-581.9228515625,-511.1412658691406,-664.2496337890625
-1004.8283081054688,-573.1180419921875,-518.2266845703125,-639.705810546875,-992.72216796875,-593.1217041015625,-535.83978271484375,-663.121337890625,-455.6627502441406,-508.3788757324219,-429.9672546386719,-1292.858154296875,-520.921630859375,-485.3395690917969,-1216.6571044921875,-992.759521484375,-1365.7720947265625,-1057.8719482421875,-480.4931945800781,-484.1593322753906,-519.94244384765625,490.61871337890625,-470.53826904296875,-508.6374206542969,-525.16070556640625,-523.14117431640625,-630.5335693359375,-1085.742431640625,-1049.739013671875,-445.6414489746094,-445.2748718261719,-762.62738037109375,-580.18408203125,-508.0291442871094,-567.77056884765625,-457.0978698730469,-679.9713134765625,-608.4691162109375,-532.61700439453125,-553.33050537109375,-599.70947265625,-517.81317138671875,-499.23602294921875,-578.7496337890625,-508.4886779785156,-537.884765625,-1383.9017333984375,-522.44622802734375,-772.77947998046875,-587.09857177734375,-667.2994384765625,-494.0106201171875,-506.6861877441406,-569.59613037109375,-533.44488525390625,-507.4006042480469,-754.7528076171875,-581.81207275390625,-644.77960205078125,-493.6689758300781,-526.44354248046875,-463.5953674316406,-592.60174560546875,-442.00885009765625,-589.056884765625,-576.27166748046875,-668.49090576171875
-994.3065185546875,-511.8628234863281,-448.5763854980469,-558.3177490234375,-975.72979736328125,-556.18499755859375,-446.6954345703125,-619.163818359375,-355.04888916015625,-417.6564636230469,-396.07354736328125,-1298.548828125,-436.60028076171875,-412.1984558105469,-1200.851806640625,-1000.044189453125,-1383.7662353515625,-1030.415771484375,-381.27978515625,-427.85211181640625,-487.1341247558594,-470.53826904296875,370.2976989746094,-418.8083190917969,-446.4169921875,-465.1190185546875,-576.68597412109375,-1060.48046875,-999.7025146484375,-355.2696533203125,-414.5895690917969,-740.2572021484375,-522.8419189453125,-431.85992431640625,-509.7715148925781,-356.83587646484375,-609.24365234375,-546.295654296875,-464.9668884277344,-470.9898681640625,-589.16400146484375,-463.14398193359375,-421.0579833984375,-554.11669921875,-442.36029052734375,-496.75079345703125,-1338.616455078125,-502.55328369140625,-714.75726318359375,-566.29925537109375,-632.27960205078125,-450.8614807128906,-464.4896240234375,-493.3322448730469,-462.2877197265625,-405.2908020019531,-680.40887451171875,-535.0313720703125,-619.60400390625,-451.9920654296875,-416.74725341796875,-360.5099182128906,-575.53240966796875,-382.3399658203125,-541.3466796875,-494.4736633300781,-608.621337890625
-966.868408203125,-477.92388916015625,-447.61669921875,-567.3812255859375,-991.78302001953125,-527.95037841796875,-457.5334167480469,-602.12481689453125,-363.6326599121094,-401.400634765625,-310.0735778808594,-1331.54345703125,-365.2714538574219,-372.0912170410156,-1187.611572265625,-1015.3423461914062,-1348.35546875,-1065.7144775390625,-416.56927490234375,-391.19964599609375,-395.64324951171875,-508.6374206542969,-418.8083190917969,325.68475341796875,-372.3569030761719,-458.3567810058594,-583.4454345703125,-1075.612060546875,-1032.15478515625,-312.65875244140625,-284.8846740722656,-733.714599609375,-468.66754150390625,-449.1802062988281,-502.599365234375,-301.9212646484375,-613.8822021484375,-478.66754150390625,-473.9238586425781,-491.6812744140625,-591.7493896484375,-390.55780029296875,-479.31298828125,-510.4665832519531,-393.4042053222656,-479.9884948730469,-1168.3560791015625,-477.0093078613281,-685.71484375,-547.38897705078125,-646.6256103515625,-399.31298828125,-394.3341979980469,-462.8428649902344,-397.6848449707031,-372.67999267578125,-640.93316650390625,-551.8140869140625,-606.49676513671875,-432.903076171875,-382.2656555175781,-327.7662658691406,-584.86114501953125,-231.29544067382812,-545.92388916015625,-488.9296875,-608.49298095703125
-1009.3267211914062,-496.7507629394531,-476.3337707519531,-555.12255859375,-984.24176025390625,-575.85919189453125,-474.59942626953125,-600.84173583984375,-394.91900634765625,-382.8460693359375,-342.98809814453125,-1310.879150390625,-393.96551513671875,-388.2505798339844,-1204.412109375,-993.32666015625,-1365.155517578125,-1003.8319091796875,-417.6998596191406,-407.1481628417969,-440.13995361328125,-525.16070556640625,-446.4169921875,-372.3569030761719,372.211181640625,-437.83624267578125,-584.576171875,-1040.24169921875,-1026.2415771484375,-343.38623046875,-382.8163757324219,-743.8697509765625,-485.2137756347656,-377.320068359375,-504.9482421875,-346.5626220703125,-601.21380615234375,-516.1434326171875,-433.80242919921875,-471.96905517578125,-571.36163330078125,-377.08111572265625,-454.0752258300781,-526.98980712890625,-430.3603515625,-487.054443359375,-1360.27099609375,-509.9008483886719,-718.58319091796875,-570.37872314453125,-695.83917236328125,-403.9424743652344,-428.2691650390625,-461.6720275878906,-420.5764465332031,-375.5715026855469,-668.40899658203125,-519.0128173828125,-645.46759033203125,-449.9902648925781,-321.0810546875,-351.7663269042969,-546.75421142578125,-359.6117248535156,-546.10186767578125,-515.75299072265625,-635.55889892578125
-1004.06201171875,-499.3156433105469,-467.4493408203125,-567.7105712890625,-985.1785888671875,-594.49200439453125,-482.9667663574219,-613.38348388671875,-422.9455871582031,-431.59722900390625,-410.073486328125,-1312.502197265625,-484.54974365234375,-437.07391357421875,-1183.310791015625,-1013.0452880859375,-1367.852783203125,-1059.242431640625,-428.139892578125,-458.48602294921875,-478.55340576171875,-523.14117431640625,-465.1190185546875,-458.3567810058594,-437.83624267578125,438.97454833984375,-594.814208984375,-1088.33154296875,-1038.130615234375,-408.7268981933594,-448.6374206542969,-799.03814697265625,-580.74603271484375,-486.7091979980469,-480.73486328125,-413.2722473144531,-648.90545654296875,-600.9249267578125,-554.01068115234375,-482.6631164550781,-613.79327392578125,-460.6445007324219,-514.9251708984375,-541.33856201171875,-475.0959777832031,-512.5985107421875,-1411.24169921875,-537.72552490234375,-737.2161865234375,-557.2509765625,-695.5577392578125,-489.9423828125,-462.6180114746094,-546.09381103515625,-470.5950012207031,-431.02874755859375,-671.51605224609375,-521.84332275390625,-674.10076904296875,-498.7923583984375,-438.7552185058594,-411.4209899902344,-519.451904296875,-416.9880065917969,-566.253173828125,-555.20562744140625,-639.728759765625
-1004.8271484375,-614.92388916015625,-603.31195068359375,-444.04705810546875,-1024.348876953125,-663.166748046875,-615.07659912109375,-714.85791015625,-559.11993408203125,-581.8360595703125,-550.44525146484375,-1327.5966796875,-608.55328369140625,-585.6846923828125,-1178.3309326171875,-1016.5236206054688,-1170.1026611328125,-1096.218994140625,-564.469970703125,-553.27490234375,-593.5093994140625,-630.5335693359375,-576.68597412109375,-583.4454345703125,-584.576171875,-594.814208984375,580.9954833984375,-1083.593994140625,-1044.311767578125,-552.3548583984375,-588.622314453125,-877.3770751953125,-660.6387939453125,-631.89617919921875,-615.3790283203125,-554.7294921875,-750.26983642578125,-678.74481201171875,-632.5518798828125,-598.79119873046875,-675.5799560546875,-570.99322509765625,-633.8765869140625,-641.23126220703125,-602.59820556640625,-609.40203857421875,-1264.16748046875,-615.204833984375,-513.2294921875,-646.2371826171875,-721.385986328125,-590.55657958984375,-595.29345703125,-615.73236083984375,-571.232177734375,-579.7723388671875,-754.3189697265625,-637.14007568359375,-737.87890625,-637.3800048828125,-601.771484375,-545.4244384765625,-673.686279296875,-536.6842041015625,-656.14569091796875,-663.9031982421875,-699.2119140625
-1259.567626953125,-1073.81103515625,-1062.764892578125,-1093.4649658203125,-1232.8311767578125,-1118.8953857421875,-1072.767578125,-1142.480224609375,-1048.064453125,-1077.2813720703125,-1058.3046875,-1493.1630859375,-1028.1392822265625,-1016.3560791015625,-1366.864501953125,-1243.787109375,-1505.886962890625,-1276.0179443359375,-1077.8653564453125,-1074.9329833984375,-1061.4776611328125,-1085.742431640625,-1060.48046875,-1075.612060546875,-1040.24169921875,-1088.33154296875,-1083.593994140625,1200.7236328125,-1195.951904296875,-1062.385009765625,-1052.803466796875,-1107.0098876953125,-1065.1845703125,-1074.460693359375,-1092.527587890625,-1061.7802734375,-1085.5545654296875,-1046.94482421875,-1045.7698974609375,-1071.22314453125,-1103.2021484375,-1042.484130859375,-1103.65234375,-1049.2755126953125,-1077.610595703125,-1058.7220458984375,-1511.7994384765625,-1095.08984375,-1141.85546875,-1053.669189453125,-1097.3115234375,-1083.3990478515625,-1073.9373779296875,-1070.28857421875,-1055.13671875,-1053.832763671875,-1146.47900390625,-1070.634521484375,-1101.679443359375,-1077.352294921875,-1026.3740234375,-1077.62548828125,-1066.7244873046875,-1086.58154296875,-1082.9486083984375,-1060.33056640625,-1099.2244873046875
-899.96405029296875,-1057.916748046875,-1072.15380859375,-1036.110595703125,-1155.4658203125,-1057.3321533203125,-1021.6149291992188,-1088.913330078125,-1032.979248046875,-1031.220703125,-1028.103759765625,-1445.554443359375,-1019.1561889648438,-975.4794921875,-1426.1092529296875,-1183.2227783203125,-1489.8203125,-1286.983154296875,-1032.780517578125,-1051.475341796875,-1026.935546875,-1049.739013671875,-999.7025146484375,-1032.15478515625,-1026.2415771484375,-1038.130615234375,-1044.311767578125,-1195.951904296875,1153.3828125,-1018.9279174804688,-1028.2607421875,-1082.611083984375,-1039.289794921875,-1055.068603515625,-1042.3265380859375,-1041.5789794921875,-1061.288818359375,-1041.4609375,-1023.3972778320312,-1061.0220947265625,-1073.1348876953125,-1010.8975830078125,-1042.850830078125,-1064.236328125,-1040.897705078125,-1035.541259765625,-1525.310302734375,-1054.4786376953125,-1106.3720703125,-1059.4378662109375,-1107.28857421875,-1039.1328125,-1034.1123046875,-1043.74267578125,-1036.286865234375,-1011.4610595703125,-1109.523193359375,-1039.613037109375,-1048.355224609375,-997.792724609375,-1016.3062744140625,-1012.5401611328125,-1104.929931640625,-1029.8682861328125,-1006.922119140625,-1025.001953125,-1038.74658203125
-1014.1840209960938,-340.7533264160156,-363.2696533203125,-529.2696533203125,-996.38531494140625,-528.35504150390625,-411.81231689453125,-560.11578369140625,-248.41973876953125,-348.1745910644531,-201.72564697265625,-1335.470458984375,-339.4405212402344,-324.3550720214844,-1226.555419921875,-1005.9036865234375,-1389.470703125,-1041.26904296875,-352.89776611328125,-304.6392822265625,-399.8123779296875,-445.6414489746094,-355.2696533203125,-312.65875244140625,-343.38623046875,-408.7268981933594,-552.3548583984375,-1062.385009765625,-1018.9279174804688,128.7016143798828,-287.2696533203125,-747.0986328125,-503.8509216308594,-390.11602783203125,-443.26959228515625,-213.70993041992188,-588.18414306640625,-515.5732421875,-437.7098388671875,-422.72686767578125,-519.57318115234375,-383.39892578125,-417.8123474121094,-460.7268981933594,-354.7269287109375,-370.3814697265625,-1406.7568359375,-445.6414489746094,-710.72650146484375,-534.11602783203125,-612.01336669921875,-377.8123474121094,-360.89776611328125,-470.7804260253906,-397.2696228027344,-270.1806945800781,-665.26953125,-481.6413879394531,-610.01336669921875,-413.2450866699219,-319.26959228515625,-188.30996704101562,-517.40234375,-204.03350830078125,-536.18408203125,-485.2696533203125,-577.2696533203125
