1,Haloarcula-hispanica-pleomorphic-virus-3_taxid_1879051.gbk,ID:YP_009798564.1 |[Haloarcula hispanica pleomorphic virus 3]||Haloarcula-hispanica-pleomorphic-virus-3_taxid_1879051.gbk|VP1|459|NC_047928(11648):1-459:1 ^GeneID:54989043^ Haloarcula hispanica pleomorphic virus 3, complete genome.|neighbours:start(),ID:YP_009798565.1(1)|neighbour_genes:start(),putative protein 2|
2,Haloarcula-hispanica-pleomorphic-virus-3_taxid_1879051.gbk,ID:YP_009798565.1 |[Haloarcula hispanica pleomorphic virus 3]||Haloarcula-hispanica-pleomorphic-virus-3_taxid_1879051.gbk|putative protein 2|231|NC_047928(11648):465-695:1 ^GeneID:54989028^ Haloarcula hispanica pleomorphic virus 3, complete genome.|neighbours:ID:YP_009798564.1(1),ID:YP_009798566.1(1)|neighbour_genes:VP1,VP3|
3,Haloarcula-hispanica-pleomorphic-virus-3_taxid_1879051.gbk,ID:YP_009798566.1 |[Haloarcula hispanica pleomorphic virus 3]||Haloarcula-hispanica-pleomorphic-virus-3_taxid_1879051.gbk|VP3|1842|NC_047928(11648):692-2533:1 ^GeneID:54989044^ Haloarcula hispanica pleomorphic virus 3, complete genome.|neighbours:ID:YP_009798565.1(1),ID:YP_009798567.1(1)|neighbour_genes:putative protein 2,putative protein 4|
4,Haloarcula-hispanica-pleomorphic-virus-3_taxid_1879051.gbk,ID:YP_009798567.1 |[Haloarcula hispanica pleomorphic virus 3]||Haloarcula-hispanica-pleomorphic-virus-3_taxid_1879051.gbk|putative protein 4|552|NC_047928(11648):2541-3092:1 ^GeneID:54989029^ Haloarcula hispanica pleomorphic virus 3, complete genome.|neighbours:ID:YP_009798566.1(1),ID:YP_009798568.1(1)|neighbour_genes:VP3,putative protein 5|
5,Haloarcula-hispanica-pleomorphic-virus-3_taxid_1879051.gbk,ID:YP_009798568.1 |[Haloarcula hispanica pleomorphic virus 3]||Haloarcula-hispanica-pleomorphic-virus-3_taxid_1879051.gbk|putative protein 5|795|NC_047928(11648):3089-3883:1 ^GeneID:54989030^ Haloarcula hispanica pleomorphic virus 3, complete genome.|neighbours:ID:YP_009798567.1(1),ID:YP_009798569.1(1)|neighbour_genes:putative protein 4,putative protein 6|
6,Haloarcula-hispanica-pleomorphic-virus-3_taxid_1879051.gbk,ID:YP_009798569.1 |[Haloarcula hispanica pleomorphic virus 3]||Haloarcula-hispanica-pleomorphic-virus-3_taxid_1879051.gbk|putative protein 6|1173|NC_047928(11648):3876-5048:1 ^GeneID:54989031^ Haloarcula hispanica pleomorphic virus 3, complete genome.|neighbours:ID:YP_009798568.1(1),ID:YP_009798570.1(1)|neighbour_genes:putative protein 5,putative protein 7|
7,Haloarcula-hispanica-pleomorphic-virus-3_taxid_1879051.gbk,ID:YP_009798570.1 |[Haloarcula hispanica pleomorphic virus 3]||Haloarcula-hispanica-pleomorphic-virus-3_taxid_1879051.gbk|putative protein 7|384|NC_047928(11648):5209-5592:1 ^GeneID:54989032^ Haloarcula hispanica pleomorphic virus 3, complete genome.|neighbours:ID:YP_009798569.1(1),ID:YP_009798571.1(1)|neighbour_genes:putative protein 6,putative protein 8|
8,Haloarcula-hispanica-pleomorphic-virus-3_taxid_1879051.gbk,ID:YP_009798571.1 |[Haloarcula hispanica pleomorphic virus 3]||Haloarcula-hispanica-pleomorphic-virus-3_taxid_1879051.gbk|putative protein 8|501|NC_047928(11648):5680-6180:1 ^GeneID:54989033^ Haloarcula hispanica pleomorphic virus 3, complete genome.|neighbours:ID:YP_009798570.1(1),ID:YP_009798572.1(-1)|neighbour_genes:putative protein 7,putative protein 9|
9,Haloarcula-hispanica-pleomorphic-virus-3_taxid_1879051.gbk,ID:YP_009798572.1 |[Haloarcula hispanica pleomorphic virus 3]||Haloarcula-hispanica-pleomorphic-virus-3_taxid_1879051.gbk|putative protein 9|192|NC_047928(11648):6205-6396:-1 ^GeneID:54989034^ Haloarcula hispanica pleomorphic virus 3, complete genome.|neighbours:ID:YP_009798571.1(1),ID:YP_009798573.1(-1)|neighbour_genes:putative protein 8,putative protein 10|
10,Haloarcula-hispanica-pleomorphic-virus-3_taxid_1879051.gbk,ID:YP_009798573.1 |[Haloarcula hispanica pleomorphic virus 3]||Haloarcula-hispanica-pleomorphic-virus-3_taxid_1879051.gbk|putative protein 10|366|NC_047928(11648):6456-6821:-1 ^GeneID:54989035^ Haloarcula hispanica pleomorphic virus 3, complete genome.|neighbours:ID:YP_009798572.1(-1),ID:YP_009798574.1(-1)|neighbour_genes:putative protein 9,putative protein 11|
11,Haloarcula-hispanica-pleomorphic-virus-3_taxid_1879051.gbk,ID:YP_009798574.1 |[Haloarcula hispanica pleomorphic virus 3]||Haloarcula-hispanica-pleomorphic-virus-3_taxid_1879051.gbk|putative protein 11|1764|NC_047928(11648):7179-8942:-1 ^GeneID:54989036^ Haloarcula hispanica pleomorphic virus 3, complete genome.|neighbours:ID:YP_009798573.1(-1),ID:YP_009798575.1(-1)|neighbour_genes:putative protein 10,putative protein 12|
12,Haloarcula-hispanica-pleomorphic-virus-3_taxid_1879051.gbk,ID:YP_009798575.1 |[Haloarcula hispanica pleomorphic virus 3]||Haloarcula-hispanica-pleomorphic-virus-3_taxid_1879051.gbk|putative protein 12|144|NC_047928(11648):8945-9088:-1 ^GeneID:54989037^ Haloarcula hispanica pleomorphic virus 3, complete genome.|neighbours:ID:YP_009798574.1(-1),ID:YP_009798576.1(-1)|neighbour_genes:putative protein 11,putative protein 13|
13,Haloarcula-hispanica-pleomorphic-virus-3_taxid_1879051.gbk,ID:YP_009798576.1 |[Haloarcula hispanica pleomorphic virus 3]||Haloarcula-hispanica-pleomorphic-virus-3_taxid_1879051.gbk|putative protein 13|198|NC_047928(11648):9085-9282:-1 ^GeneID:54989038^ Haloarcula hispanica pleomorphic virus 3, complete genome.|neighbours:ID:YP_009798575.1(-1),ID:YP_009798577.1(-1)|neighbour_genes:putative protein 12,putative protein 14|
14,Haloarcula-hispanica-pleomorphic-virus-3_taxid_1879051.gbk,ID:YP_009798577.1 |[Haloarcula hispanica pleomorphic virus 3]||Haloarcula-hispanica-pleomorphic-virus-3_taxid_1879051.gbk|putative protein 14|189|NC_047928(11648):9279-9467:-1 ^GeneID:54989039^ Haloarcula hispanica pleomorphic virus 3, complete genome.|neighbours:ID:YP_009798576.1(-1),ID:YP_009798578.1(-1)|neighbour_genes:putative protein 13,putative protein 15|
15,Haloarcula-hispanica-pleomorphic-virus-3_taxid_1879051.gbk,ID:YP_009798578.1 |[Haloarcula hispanica pleomorphic virus 3]||Haloarcula-hispanica-pleomorphic-virus-3_taxid_1879051.gbk|putative protein 15|777|NC_047928(11648):9502-10278:-1 ^GeneID:54989040^ Haloarcula hispanica pleomorphic virus 3, complete genome.|neighbours:ID:YP_009798577.1(-1),ID:YP_009798579.1(-1)|neighbour_genes:putative protein 14,putative protein 16|
16,Haloarcula-hispanica-pleomorphic-virus-3_taxid_1879051.gbk,ID:YP_009798579.1 |[Haloarcula hispanica pleomorphic virus 3]||Haloarcula-hispanica-pleomorphic-virus-3_taxid_1879051.gbk|putative protein 16|255|NC_047928(11648):10446-10700:-1 ^GeneID:54989041^ Haloarcula hispanica pleomorphic virus 3, complete genome.|neighbours:ID:YP_009798578.1(-1),ID:YP_009798580.1(-1)|neighbour_genes:putative protein 15,putative protein 17|
17,Haloarcula-hispanica-pleomorphic-virus-3_taxid_1879051.gbk,ID:YP_009798580.1 |[Haloarcula hispanica pleomorphic virus 3]||Haloarcula-hispanica-pleomorphic-virus-3_taxid_1879051.gbk|putative protein 17|330|NC_047928(11648):10936-11265:-1 ^GeneID:54989042^ Haloarcula hispanica pleomorphic virus 3, complete genome.|neighbours:ID:YP_009798579.1(-1),end()|neighbour_genes:putative protein 16,end()|
18,Haloarcula-hispanica-pleomorphic-virus-4_taxid_1980140.gbk,ID:YP_009799432.1 |[Haloarcula hispanica pleomorphic virus 4]|1A_s5a-1/hispanica|Haloarcula-hispanica-pleomorphic-virus-4_taxid_1980140.gbk|integrase|1038|NC_047943(15010):1-1038:-1 ^GeneID:54989942^ Haloarcula hispanica pleomorphic virus 4, complete genome.|neighbours:start(),ID:YP_009799433.1(1)|neighbour_genes:start(),hypothetical protein|
19,Haloarcula-hispanica-pleomorphic-virus-4_taxid_1980140.gbk,ID:YP_009799433.1 |[Haloarcula hispanica pleomorphic virus 4]|1A_s5a-1/hispanica|Haloarcula-hispanica-pleomorphic-virus-4_taxid_1980140.gbk|hypothetical protein|366|NC_047943(15010):1021-1386:1 ^GeneID:54989920^ Haloarcula hispanica pleomorphic virus 4, complete genome.|neighbours:ID:YP_009799432.1(-1),ID:YP_009799434.1(1)|neighbour_genes:integrase,PhiH1 repressor|
20,Haloarcula-hispanica-pleomorphic-virus-4_taxid_1980140.gbk,ID:YP_009799434.1 |[Haloarcula hispanica pleomorphic virus 4]|1A_s5a-1/hispanica|Haloarcula-hispanica-pleomorphic-virus-4_taxid_1980140.gbk|PhiH1 repressor|327|NC_047943(15010):1453-1779:1 ^GeneID:54989943^ Haloarcula hispanica pleomorphic virus 4, complete genome.|neighbours:ID:YP_009799433.1(1),ID:YP_009799435.1(1)|neighbour_genes:hypothetical protein,PhiH1-like repressor|
21,Haloarcula-hispanica-pleomorphic-virus-4_taxid_1980140.gbk,ID:YP_009799435.1 |[Haloarcula hispanica pleomorphic virus 4]|1A_s5a-1/hispanica|Haloarcula-hispanica-pleomorphic-virus-4_taxid_1980140.gbk|PhiH1-like repressor|294|NC_047943(15010):1797-2090:1 ^GeneID:54989921^ Haloarcula hispanica pleomorphic virus 4, complete genome.|neighbours:ID:YP_009799434.1(1),ID:YP_009799436.1(1)|neighbour_genes:PhiH1 repressor,hypothetical protein|
22,Haloarcula-hispanica-pleomorphic-virus-4_taxid_1980140.gbk,ID:YP_009799436.1 |[Haloarcula hispanica pleomorphic virus 4]|1A_s5a-1/hispanica|Haloarcula-hispanica-pleomorphic-virus-4_taxid_1980140.gbk|hypothetical protein|117|NC_047943(15010):2184-2300:1 ^GeneID:54989922^ Haloarcula hispanica pleomorphic virus 4, complete genome.|neighbours:ID:YP_009799435.1(1),ID:YP_009799437.1(-1)|neighbour_genes:PhiH1-like repressor,hypothetical protein|
23,Haloarcula-hispanica-pleomorphic-virus-4_taxid_1980140.gbk,ID:YP_009799437.1 |[Haloarcula hispanica pleomorphic virus 4]|1A_s5a-1/hispanica|Haloarcula-hispanica-pleomorphic-virus-4_taxid_1980140.gbk|hypothetical protein|1146|NC_047943(15010):2286-3431:-1 ^GeneID:54989923^ Haloarcula hispanica pleomorphic virus 4, complete genome.|neighbours:ID:YP_009799436.1(1),ID:YP_009799438.1(-1)|neighbour_genes:hypothetical protein,hypothetical protein|
24,Haloarcula-hispanica-pleomorphic-virus-4_taxid_1980140.gbk,ID:YP_009799438.1 |[Haloarcula hispanica pleomorphic virus 4]|1A_s5a-1/hispanica|Haloarcula-hispanica-pleomorphic-virus-4_taxid_1980140.gbk|hypothetical protein|255|NC_047943(15010):3599-3853:-1 ^GeneID:54989924^ Haloarcula hispanica pleomorphic virus 4, complete genome.|neighbours:ID:YP_009799437.1(-1),ID:YP_009799439.1(-1)|neighbour_genes:hypothetical protein,hypothetical protein|
25,Haloarcula-hispanica-pleomorphic-virus-4_taxid_1980140.gbk,ID:YP_009799439.1 |[Haloarcula hispanica pleomorphic virus 4]|1A_s5a-1/hispanica|Haloarcula-hispanica-pleomorphic-virus-4_taxid_1980140.gbk|hypothetical protein|330|NC_047943(15010):4089-4418:-1 ^GeneID:54989925^ Haloarcula hispanica pleomorphic virus 4, complete genome.|neighbours:ID:YP_009799438.1(-1),ID:YP_009799440.1(1)|neighbour_genes:hypothetical protein,VP9 protein|
26,Haloarcula-hispanica-pleomorphic-virus-4_taxid_1980140.gbk,ID:YP_009799440.1 |[Haloarcula hispanica pleomorphic virus 4]|1A_s5a-1/hispanica|Haloarcula-hispanica-pleomorphic-virus-4_taxid_1980140.gbk|VP9 protein|459|NC_047943(15010):4802-5260:1 ^GeneID:54989926^ Haloarcula hispanica pleomorphic virus 4, complete genome.|neighbours:ID:YP_009799439.1(-1),ID:YP_009799441.1(1)|neighbour_genes:hypothetical protein,hypothetical protein|
27,Haloarcula-hispanica-pleomorphic-virus-4_taxid_1980140.gbk,ID:YP_009799441.1 |[Haloarcula hispanica pleomorphic virus 4]|1A_s5a-1/hispanica|Haloarcula-hispanica-pleomorphic-virus-4_taxid_1980140.gbk|hypothetical protein|231|NC_047943(15010):5266-5496:1 ^GeneID:54989927^ Haloarcula hispanica pleomorphic virus 4, complete genome.|neighbours:ID:YP_009799440.1(1),ID:YP_009799442.1(1)|neighbour_genes:VP9 protein,VP11 protein|
28,Haloarcula-hispanica-pleomorphic-virus-4_taxid_1980140.gbk,ID:YP_009799442.1 |[Haloarcula hispanica pleomorphic virus 4]|1A_s5a-1/hispanica|Haloarcula-hispanica-pleomorphic-virus-4_taxid_1980140.gbk|VP11 protein|1842|NC_047943(15010):5493-7334:1 ^GeneID:54989928^ Haloarcula hispanica pleomorphic virus 4, complete genome.|neighbours:ID:YP_009799441.1(1),ID:YP_009799443.1(1)|neighbour_genes:hypothetical protein,hypothetical protein|
29,Haloarcula-hispanica-pleomorphic-virus-4_taxid_1980140.gbk,ID:YP_009799443.1 |[Haloarcula hispanica pleomorphic virus 4]|1A_s5a-1/hispanica|Haloarcula-hispanica-pleomorphic-virus-4_taxid_1980140.gbk|hypothetical protein|552|NC_047943(15010):7342-7893:1 ^GeneID:54989929^ Haloarcula hispanica pleomorphic virus 4, complete genome.|neighbours:ID:YP_009799442.1(1),ID:YP_009799444.1(1)|neighbour_genes:VP11 protein,hypothetical protein|
30,Haloarcula-hispanica-pleomorphic-virus-4_taxid_1980140.gbk,ID:YP_009799444.1 |[Haloarcula hispanica pleomorphic virus 4]|1A_s5a-1/hispanica|Haloarcula-hispanica-pleomorphic-virus-4_taxid_1980140.gbk|hypothetical protein|795|NC_047943(15010):7890-8684:1 ^GeneID:54989930^ Haloarcula hispanica pleomorphic virus 4, complete genome.|neighbours:ID:YP_009799443.1(1),ID:YP_009799445.1(1)|neighbour_genes:hypothetical protein,hypothetical protein|
31,Haloarcula-hispanica-pleomorphic-virus-4_taxid_1980140.gbk,ID:YP_009799445.1 |[Haloarcula hispanica pleomorphic virus 4]|1A_s5a-1/hispanica|Haloarcula-hispanica-pleomorphic-virus-4_taxid_1980140.gbk|hypothetical protein|1173|NC_047943(15010):8677-9849:1 ^GeneID:54989931^ Haloarcula hispanica pleomorphic virus 4, complete genome.|neighbours:ID:YP_009799444.1(1),ID:YP_009799446.1(1)|neighbour_genes:hypothetical protein,hypothetical protein|
32,Haloarcula-hispanica-pleomorphic-virus-4_taxid_1980140.gbk,ID:YP_009799446.1 |[Haloarcula hispanica pleomorphic virus 4]|1A_s5a-1/hispanica|Haloarcula-hispanica-pleomorphic-virus-4_taxid_1980140.gbk|hypothetical protein|168|NC_047943(15010):9846-10013:1 ^GeneID:54989932^ Haloarcula hispanica pleomorphic virus 4, complete genome.|neighbours:ID:YP_009799445.1(1),ID:YP_009799447.1(1)|neighbour_genes:hypothetical protein,hypothetical protein|
33,Haloarcula-hispanica-pleomorphic-virus-4_taxid_1980140.gbk,ID:YP_009799447.1 |[Haloarcula hispanica pleomorphic virus 4]|1A_s5a-1/hispanica|Haloarcula-hispanica-pleomorphic-virus-4_taxid_1980140.gbk|hypothetical protein|390|NC_047943(15010):10010-10399:1 ^GeneID:54989933^ Haloarcula hispanica pleomorphic virus 4, complete genome.|neighbours:ID:YP_009799446.1(1),ID:YP_009799448.1(1)|neighbour_genes:hypothetical protein,hypothetical protein|
34,Haloarcula-hispanica-pleomorphic-virus-4_taxid_1980140.gbk,ID:YP_009799448.1 |[Haloarcula hispanica pleomorphic virus 4]|1A_s5a-1/hispanica|Haloarcula-hispanica-pleomorphic-virus-4_taxid_1980140.gbk|hypothetical protein|966|NC_047943(15010):10500-11465:1 ^GeneID:54989934^ Haloarcula hispanica pleomorphic virus 4, complete genome.|neighbours:ID:YP_009799447.1(1),ID:YP_009799449.1(-1)|neighbour_genes:hypothetical protein,hypothetical protein|
35,Haloarcula-hispanica-pleomorphic-virus-4_taxid_1980140.gbk,ID:YP_009799449.1 |[Haloarcula hispanica pleomorphic virus 4]|1A_s5a-1/hispanica|Haloarcula-hispanica-pleomorphic-virus-4_taxid_1980140.gbk|hypothetical protein|303|NC_047943(15010):11466-11768:-1 ^GeneID:54989935^ Haloarcula hispanica pleomorphic virus 4, complete genome.|neighbours:ID:YP_009799448.1(1),ID:YP_009799450.1(-1)|neighbour_genes:hypothetical protein,hypothetical protein|
36,Haloarcula-hispanica-pleomorphic-virus-4_taxid_1980140.gbk,ID:YP_009799450.1 |[Haloarcula hispanica pleomorphic virus 4]|1A_s5a-1/hispanica|Haloarcula-hispanica-pleomorphic-virus-4_taxid_1980140.gbk|hypothetical protein|420|NC_047943(15010):11752-12171:-1 ^GeneID:54989936^ Haloarcula hispanica pleomorphic virus 4, complete genome.|neighbours:ID:YP_009799449.1(-1),ID:YP_009799451.1(-1)|neighbour_genes:hypothetical protein,hypothetical protein|
37,Haloarcula-hispanica-pleomorphic-virus-4_taxid_1980140.gbk,ID:YP_009799451.1 |[Haloarcula hispanica pleomorphic virus 4]|1A_s5a-1/hispanica|Haloarcula-hispanica-pleomorphic-virus-4_taxid_1980140.gbk|hypothetical protein|1764|NC_047943(15010):12446-14209:-1 ^GeneID:54989937^ Haloarcula hispanica pleomorphic virus 4, complete genome.|neighbours:ID:YP_009799450.1(-1),ID:YP_009799452.1(-1)|neighbour_genes:hypothetical protein,hypothetical protein|
38,Haloarcula-hispanica-pleomorphic-virus-4_taxid_1980140.gbk,ID:YP_009799452.1 |[Haloarcula hispanica pleomorphic virus 4]|1A_s5a-1/hispanica|Haloarcula-hispanica-pleomorphic-virus-4_taxid_1980140.gbk|hypothetical protein|144|NC_047943(15010):14212-14355:-1 ^GeneID:54989938^ Haloarcula hispanica pleomorphic virus 4, complete genome.|neighbours:ID:YP_009799451.1(-1),ID:YP_009799453.1(-1)|neighbour_genes:hypothetical protein,hypothetical protein|
39,Haloarcula-hispanica-pleomorphic-virus-4_taxid_1980140.gbk,ID:YP_009799453.1 |[Haloarcula hispanica pleomorphic virus 4]|1A_s5a-1/hispanica|Haloarcula-hispanica-pleomorphic-virus-4_taxid_1980140.gbk|hypothetical protein|198|NC_047943(15010):14352-14549:-1 ^GeneID:54989939^ Haloarcula hispanica pleomorphic virus 4, complete genome.|neighbours:ID:YP_009799452.1(-1),ID:YP_009799454.1(-1)|neighbour_genes:hypothetical protein,hypothetical protein|
40,Haloarcula-hispanica-pleomorphic-virus-4_taxid_1980140.gbk,ID:YP_009799454.1 |[Haloarcula hispanica pleomorphic virus 4]|1A_s5a-1/hispanica|Haloarcula-hispanica-pleomorphic-virus-4_taxid_1980140.gbk|hypothetical protein|189|NC_047943(15010):14546-14734:-1 ^GeneID:54989940^ Haloarcula hispanica pleomorphic virus 4, complete genome.|neighbours:ID:YP_009799453.1(-1),ID:YP_009799455.1(-1)|neighbour_genes:hypothetical protein,hypothetical protein|
41,Haloarcula-hispanica-pleomorphic-virus-4_taxid_1980140.gbk,ID:YP_009799455.1 |[Haloarcula hispanica pleomorphic virus 4]|1A_s5a-1/hispanica|Haloarcula-hispanica-pleomorphic-virus-4_taxid_1980140.gbk|hypothetical protein|240|NC_047943(15010):14769-15008:-1 ^GeneID:54989941^ Haloarcula hispanica pleomorphic virus 4, complete genome.|neighbours:ID:YP_009799454.1(-1),end()|neighbour_genes:hypothetical protein,end()|
42,Halogeometricum-pleomorphic-virus-1_taxid_1156722.gbk,ID:YP_005454295.1 |[Halogeometricum pleomorphic virus 1]||Halogeometricum-pleomorphic-virus-1_taxid_1156722.gbk|ORF1|399|NC_017090(9694):49-447:1 ^GeneID:11948288^ Halogeometricum pleomorphic virus 1, complete genome.|neighbours:start(),ID:YP_005454296.1(1)|neighbour_genes:start(),2|
43,Halogeometricum-pleomorphic-virus-1_taxid_1156722.gbk,ID:YP_005454296.1 |[Halogeometricum pleomorphic virus 1]||Halogeometricum-pleomorphic-virus-1_taxid_1156722.gbk|2|408|NC_017090(9694):506-913:1 ^GeneID:11948289^ Halogeometricum pleomorphic virus 1, complete genome.|neighbours:ID:YP_005454295.1(1),ID:YP_005454297.1(1)|neighbour_genes:ORF1,3|
44,Halogeometricum-pleomorphic-virus-1_taxid_1156722.gbk,ID:YP_005454297.1 |[Halogeometricum pleomorphic virus 1]||Halogeometricum-pleomorphic-virus-1_taxid_1156722.gbk|3|204|NC_017090(9694):929-1132:1 ^GeneID:11948290^ Halogeometricum pleomorphic virus 1, complete genome.|neighbours:ID:YP_005454296.1(1),ID:YP_005454298.1(1)|neighbour_genes:2,4|
45,Halogeometricum-pleomorphic-virus-1_taxid_1156722.gbk,ID:YP_005454298.1 |[Halogeometricum pleomorphic virus 1]||Halogeometricum-pleomorphic-virus-1_taxid_1156722.gbk|4|1461|NC_017090(9694):1132-2592:1 ^GeneID:11948291^ Halogeometricum pleomorphic virus 1, complete genome.|neighbours:ID:YP_005454297.1(1),ID:YP_005454299.1(1)|neighbour_genes:3,ORF5|
46,Halogeometricum-pleomorphic-virus-1_taxid_1156722.gbk,ID:YP_005454299.1 |[Halogeometricum pleomorphic virus 1]||Halogeometricum-pleomorphic-virus-1_taxid_1156722.gbk|ORF5|570|NC_017090(9694):2597-3166:1 ^GeneID:11948292^ Halogeometricum pleomorphic virus 1, complete genome.|neighbours:ID:YP_005454298.1(1),ID:YP_005454300.1(1)|neighbour_genes:4,ORF6|
47,Halogeometricum-pleomorphic-virus-1_taxid_1156722.gbk,ID:YP_005454300.1 |[Halogeometricum pleomorphic virus 1]||Halogeometricum-pleomorphic-virus-1_taxid_1156722.gbk|ORF6|777|NC_017090(9694):3163-3939:1 ^GeneID:11948293^ Halogeometricum pleomorphic virus 1, complete genome.|neighbours:ID:YP_005454299.1(1),ID:YP_005454301.1(1)|neighbour_genes:ORF5,ORF7|
48,Halogeometricum-pleomorphic-virus-1_taxid_1156722.gbk,ID:YP_005454301.1 |[Halogeometricum pleomorphic virus 1]||Halogeometricum-pleomorphic-virus-1_taxid_1156722.gbk|ORF7|1146|NC_017090(9694):3932-5077:1 ^GeneID:11948294^ Halogeometricum pleomorphic virus 1, complete genome.|neighbours:ID:YP_005454300.1(1),ID:YP_005454302.1(1)|neighbour_genes:ORF6,ORF8|
49,Halogeometricum-pleomorphic-virus-1_taxid_1156722.gbk,ID:YP_005454302.1 |[Halogeometricum pleomorphic virus 1]||Halogeometricum-pleomorphic-virus-1_taxid_1156722.gbk|ORF8|177|NC_017090(9694):5074-5250:1 ^GeneID:11948295^ Halogeometricum pleomorphic virus 1, complete genome.|neighbours:ID:YP_005454301.1(1),ID:YP_005454303.1(1)|neighbour_genes:ORF7,ORF9|
50,Halogeometricum-pleomorphic-virus-1_taxid_1156722.gbk,ID:YP_005454303.1 |[Halogeometricum pleomorphic virus 1]||Halogeometricum-pleomorphic-virus-1_taxid_1156722.gbk|ORF9|381|NC_017090(9694):5243-5623:1 ^GeneID:11948296^ Halogeometricum pleomorphic virus 1, complete genome.|neighbours:ID:YP_005454302.1(1),ID:YP_005454304.1(-1)|neighbour_genes:ORF8,ORF10|
51,Halogeometricum-pleomorphic-virus-1_taxid_1156722.gbk,ID:YP_005454304.1 |[Halogeometricum pleomorphic virus 1]||Halogeometricum-pleomorphic-virus-1_taxid_1156722.gbk|ORF10|714|NC_017090(9694):5638-6351:-1 ^GeneID:11948297^ Halogeometricum pleomorphic virus 1, complete genome.|neighbours:ID:YP_005454303.1(1),ID:YP_005454305.1(-1)|neighbour_genes:ORF9,ORF11|
52,Halogeometricum-pleomorphic-virus-1_taxid_1156722.gbk,ID:YP_005454305.1 |[Halogeometricum pleomorphic virus 1]||Halogeometricum-pleomorphic-virus-1_taxid_1156722.gbk|ORF11|204|NC_017090(9694):6348-6551:-1 ^GeneID:11948298^ Halogeometricum pleomorphic virus 1, complete genome.|neighbours:ID:YP_005454304.1(-1),ID:YP_005454306.1(-1)|neighbour_genes:ORF10,ORF12|
53,Halogeometricum-pleomorphic-virus-1_taxid_1156722.gbk,ID:YP_005454306.1 |[Halogeometricum pleomorphic virus 1]||Halogeometricum-pleomorphic-virus-1_taxid_1156722.gbk|ORF12|222|NC_017090(9694):6555-6776:-1 ^GeneID:11948284^ Halogeometricum pleomorphic virus 1, complete genome.|neighbours:ID:YP_005454305.1(-1),ID:YP_005454307.1(-1)|neighbour_genes:ORF11,ORF13|
54,Halogeometricum-pleomorphic-virus-1_taxid_1156722.gbk,ID:YP_005454307.1 |[Halogeometricum pleomorphic virus 1]||Halogeometricum-pleomorphic-virus-1_taxid_1156722.gbk|ORF13|240|NC_017090(9694):6904-7143:-1 ^GeneID:11948285^ Halogeometricum pleomorphic virus 1, complete genome.|neighbours:ID:YP_005454306.1(-1),ID:YP_005454308.1(-1)|neighbour_genes:ORF12,ORF14|
55,Halogeometricum-pleomorphic-virus-1_taxid_1156722.gbk,ID:YP_005454308.1 |[Halogeometricum pleomorphic virus 1]||Halogeometricum-pleomorphic-virus-1_taxid_1156722.gbk|ORF14|1635|NC_017090(9694):7509-9143:-1 ^GeneID:11948286^ Halogeometricum pleomorphic virus 1, complete genome.|neighbours:ID:YP_005454307.1(-1),ID:YP_005454309.1(-1)|neighbour_genes:ORF13,ORF15|
56,Halogeometricum-pleomorphic-virus-1_taxid_1156722.gbk,ID:YP_005454309.1 |[Halogeometricum pleomorphic virus 1]||Halogeometricum-pleomorphic-virus-1_taxid_1156722.gbk|ORF15|357|NC_017090(9694):9140-9496:-1 ^GeneID:11948287^ Halogeometricum pleomorphic virus 1, complete genome.|neighbours:ID:YP_005454308.1(-1),end()|neighbour_genes:ORF14,end()|
57,Halorubrum-pleomorphic-virus-10_taxid_2507576.gbk,ID:YP_009819951.1 |[Halorubrum pleomorphic virus 10]||Halorubrum-pleomorphic-virus-10_taxid_2507576.gbk|VP2|411|NC_048157(9296):29-439:1 ^GeneID:55011391^ Halorubrum pleomorphic virus 10, complete genome.|neighbours:start(),ID:YP_009819952.1(1)|neighbour_genes:start(),hypothetical protein|
58,Halorubrum-pleomorphic-virus-10_taxid_2507576.gbk,ID:YP_009819952.1 |[Halorubrum pleomorphic virus 10]||Halorubrum-pleomorphic-virus-10_taxid_2507576.gbk|hypothetical protein|258|NC_048157(9296):439-696:1 ^GeneID:55011379^ Halorubrum pleomorphic virus 10, complete genome.|neighbours:ID:YP_009819951.1(1),ID:YP_009819953.1(1)|neighbour_genes:VP2,hypothetical protein|
59,Halorubrum-pleomorphic-virus-10_taxid_2507576.gbk,ID:YP_009819953.1 |[Halorubrum pleomorphic virus 10]||Halorubrum-pleomorphic-virus-10_taxid_2507576.gbk|hypothetical protein|531|NC_048157(9296):696-1226:1 ^GeneID:55011380^ Halorubrum pleomorphic virus 10, complete genome.|neighbours:ID:YP_009819952.1(1),ID:YP_009819954.1(1)|neighbour_genes:hypothetical protein,VP4 precursor|
60,Halorubrum-pleomorphic-virus-10_taxid_2507576.gbk,ID:YP_009819954.1 |[Halorubrum pleomorphic virus 10]||Halorubrum-pleomorphic-virus-10_taxid_2507576.gbk|VP4 precursor|1581|NC_048157(9296):1228-2808:1 ^GeneID:55011381^ Halorubrum pleomorphic virus 10, complete genome.|neighbours:ID:YP_009819953.1(1),ID:YP_009819955.1(1)|neighbour_genes:hypothetical protein,ORF5|
61,Halorubrum-pleomorphic-virus-10_taxid_2507576.gbk,ID:YP_009819955.1 |[Halorubrum pleomorphic virus 10]||Halorubrum-pleomorphic-virus-10_taxid_2507576.gbk|ORF5|537|NC_048157(9296):2836-3372:1 ^GeneID:55011382^ Halorubrum pleomorphic virus 10, complete genome.|neighbours:ID:YP_009819954.1(1),ID:YP_009819956.1(1)|neighbour_genes:VP4 precursor,ORF6|
62,Halorubrum-pleomorphic-virus-10_taxid_2507576.gbk,ID:YP_009819956.1 |[Halorubrum pleomorphic virus 10]||Halorubrum-pleomorphic-virus-10_taxid_2507576.gbk|ORF6|771|NC_048157(9296):3369-4139:1 ^GeneID:55011383^ Halorubrum pleomorphic virus 10, complete genome.|neighbours:ID:YP_009819955.1(1),ID:YP_009819957.1(1)|neighbour_genes:ORF5,ORF7|
63,Halorubrum-pleomorphic-virus-10_taxid_2507576.gbk,ID:YP_009819957.1 |[Halorubrum pleomorphic virus 10]||Halorubrum-pleomorphic-virus-10_taxid_2507576.gbk|ORF7|1113|NC_048157(9296):4136-5248:1 ^GeneID:55011384^ Halorubrum pleomorphic virus 10, complete genome.|neighbours:ID:YP_009819956.1(1),ID:YP_009819958.1(1)|neighbour_genes:ORF6,ORF9|
64,Halorubrum-pleomorphic-virus-10_taxid_2507576.gbk,ID:YP_009819958.1 |[Halorubrum pleomorphic virus 10]||Halorubrum-pleomorphic-virus-10_taxid_2507576.gbk|ORF9|399|NC_048157(9296):5411-5809:1 ^GeneID:55011385^ Halorubrum pleomorphic virus 10, complete genome.|neighbours:ID:YP_009819957.1(1),ID:YP_009819959.1(-1)|neighbour_genes:ORF7,hypothetical protein|
65,Halorubrum-pleomorphic-virus-10_taxid_2507576.gbk,ID:YP_009819959.1 |[Halorubrum pleomorphic virus 10]||Halorubrum-pleomorphic-virus-10_taxid_2507576.gbk|hypothetical protein|141|NC_048157(9296):5966-6106:-1 ^GeneID:55011386^ Halorubrum pleomorphic virus 10, complete genome.|neighbours:ID:YP_009819958.1(1),ID:YP_009819960.1(-1)|neighbour_genes:ORF9,ORF13|
66,Halorubrum-pleomorphic-virus-10_taxid_2507576.gbk,ID:YP_009819960.1 |[Halorubrum pleomorphic virus 10]||Halorubrum-pleomorphic-virus-10_taxid_2507576.gbk|ORF13|252|NC_048157(9296):6103-6354:-1 ^GeneID:55011387^ Halorubrum pleomorphic virus 10, complete genome.|neighbours:ID:YP_009819959.1(-1),ID:YP_009819961.1(-1)|neighbour_genes:hypothetical protein,ORF9|
67,Halorubrum-pleomorphic-virus-10_taxid_2507576.gbk,ID:YP_009819961.1 |[Halorubrum pleomorphic virus 10]||Halorubrum-pleomorphic-virus-10_taxid_2507576.gbk|ORF9|1617|NC_048157(9296):6717-8333:-1 ^GeneID:55011388^ Halorubrum pleomorphic virus 10, complete genome.|neighbours:ID:YP_009819960.1(-1),ID:YP_009819962.1(-1)|neighbour_genes:ORF13,hypothetical protein|
68,Halorubrum-pleomorphic-virus-10_taxid_2507576.gbk,ID:YP_009819962.1 |[Halorubrum pleomorphic virus 10]||Halorubrum-pleomorphic-virus-10_taxid_2507576.gbk|hypothetical protein|300|NC_048157(9296):8330-8629:-1 ^GeneID:55011389^ Halorubrum pleomorphic virus 10, complete genome.|neighbours:ID:YP_009819961.1(-1),ID:YP_009819963.1(-1)|neighbour_genes:ORF9,ORF12|
69,Halorubrum-pleomorphic-virus-10_taxid_2507576.gbk,ID:YP_009819963.1 |[Halorubrum pleomorphic virus 10]||Halorubrum-pleomorphic-virus-10_taxid_2507576.gbk|ORF12|261|NC_048157(9296):9012-9272:-1 ^GeneID:55011390^ Halorubrum pleomorphic virus 10, complete genome.|neighbours:ID:YP_009819962.1(-1),end()|neighbour_genes:hypothetical protein,end()|
70,Halorubrum-pleomorphic-virus-11_taxid_2507577.gbk,ID:YP_009819964.1 |[Halorubrum pleomorphic virus 11]||Halorubrum-pleomorphic-virus-11_taxid_2507577.gbk|VP2|411|NC_048158(9368):29-439:1 ^GeneID:55011407^ Halorubrum pleomorphic virus 11, complete genome.|neighbours:start(),ID:YP_009819965.1(1)|neighbour_genes:start(),hypothetical protein|
71,Halorubrum-pleomorphic-virus-11_taxid_2507577.gbk,ID:YP_009819965.1 |[Halorubrum pleomorphic virus 11]||Halorubrum-pleomorphic-virus-11_taxid_2507577.gbk|hypothetical protein|258|NC_048158(9368):439-696:1 ^GeneID:55011393^ Halorubrum pleomorphic virus 11, complete genome.|neighbours:ID:YP_009819964.1(1),ID:YP_009819966.1(1)|neighbour_genes:VP2,hypothetical protein|
72,Halorubrum-pleomorphic-virus-11_taxid_2507577.gbk,ID:YP_009819966.1 |[Halorubrum pleomorphic virus 11]||Halorubrum-pleomorphic-virus-11_taxid_2507577.gbk|hypothetical protein|531|NC_048158(9368):696-1226:1 ^GeneID:55011394^ Halorubrum pleomorphic virus 11, complete genome.|neighbours:ID:YP_009819965.1(1),ID:YP_009819967.1(1)|neighbour_genes:hypothetical protein,VP4 precursor|
73,Halorubrum-pleomorphic-virus-11_taxid_2507577.gbk,ID:YP_009819967.1 |[Halorubrum pleomorphic virus 11]||Halorubrum-pleomorphic-virus-11_taxid_2507577.gbk|VP4 precursor|1575|NC_048158(9368):1228-2802:1 ^GeneID:55011395^ Halorubrum pleomorphic virus 11, complete genome.|neighbours:ID:YP_009819966.1(1),ID:YP_009819968.1(1)|neighbour_genes:hypothetical protein,ORF5|
74,Halorubrum-pleomorphic-virus-11_taxid_2507577.gbk,ID:YP_009819968.1 |[Halorubrum pleomorphic virus 11]||Halorubrum-pleomorphic-virus-11_taxid_2507577.gbk|ORF5|573|NC_048158(9368):2809-3381:1 ^GeneID:55011396^ Halorubrum pleomorphic virus 11, complete genome.|neighbours:ID:YP_009819967.1(1),ID:YP_009819969.1(1)|neighbour_genes:VP4 precursor,ORF6|
75,Halorubrum-pleomorphic-virus-11_taxid_2507577.gbk,ID:YP_009819969.1 |[Halorubrum pleomorphic virus 11]||Halorubrum-pleomorphic-virus-11_taxid_2507577.gbk|ORF6|771|NC_048158(9368):3378-4148:1 ^GeneID:55011397^ Halorubrum pleomorphic virus 11, complete genome.|neighbours:ID:YP_009819968.1(1),ID:YP_009819970.1(1)|neighbour_genes:ORF5,ORF7|
76,Halorubrum-pleomorphic-virus-11_taxid_2507577.gbk,ID:YP_009819970.1 |[Halorubrum pleomorphic virus 11]||Halorubrum-pleomorphic-virus-11_taxid_2507577.gbk|ORF7|1113|NC_048158(9368):4145-5257:1 ^GeneID:55011398^ Halorubrum pleomorphic virus 11, complete genome.|neighbours:ID:YP_009819969.1(1),ID:YP_009819971.1(1)|neighbour_genes:ORF6,ORF9|
77,Halorubrum-pleomorphic-virus-11_taxid_2507577.gbk,ID:YP_009819971.1 |[Halorubrum pleomorphic virus 11]||Halorubrum-pleomorphic-virus-11_taxid_2507577.gbk|ORF9|399|NC_048158(9368):5420-5818:1 ^GeneID:55011399^ Halorubrum pleomorphic virus 11, complete genome.|neighbours:ID:YP_009819970.1(1),ID:YP_009819972.1(-1)|neighbour_genes:ORF7,hypothetical protein|
78,Halorubrum-pleomorphic-virus-11_taxid_2507577.gbk,ID:YP_009819972.1 |[Halorubrum pleomorphic virus 11]||Halorubrum-pleomorphic-virus-11_taxid_2507577.gbk|hypothetical protein|159|NC_048158(9368):5820-5978:-1 ^GeneID:55011400^ Halorubrum pleomorphic virus 11, complete genome.|neighbours:ID:YP_009819971.1(1),ID:YP_009819973.1(-1)|neighbour_genes:ORF9,hypothetical protein|
79,Halorubrum-pleomorphic-virus-11_taxid_2507577.gbk,ID:YP_009819973.1 |[Halorubrum pleomorphic virus 11]||Halorubrum-pleomorphic-virus-11_taxid_2507577.gbk|hypothetical protein|141|NC_048158(9368):5975-6115:-1 ^GeneID:55011401^ Halorubrum pleomorphic virus 11, complete genome.|neighbours:ID:YP_009819972.1(-1),ID:YP_009819974.1(-1)|neighbour_genes:hypothetical protein,ORF13|
80,Halorubrum-pleomorphic-virus-11_taxid_2507577.gbk,ID:YP_009819974.1 |[Halorubrum pleomorphic virus 11]||Halorubrum-pleomorphic-virus-11_taxid_2507577.gbk|ORF13|252|NC_048158(9368):6112-6363:-1 ^GeneID:55011402^ Halorubrum pleomorphic virus 11, complete genome.|neighbours:ID:YP_009819973.1(-1),ID:YP_009819975.1(-1)|neighbour_genes:hypothetical protein,ORF9|
81,Halorubrum-pleomorphic-virus-11_taxid_2507577.gbk,ID:YP_009819975.1 |[Halorubrum pleomorphic virus 11]||Halorubrum-pleomorphic-virus-11_taxid_2507577.gbk|ORF9|1617|NC_048158(9368):6727-8343:-1 ^GeneID:55011403^ Halorubrum pleomorphic virus 11, complete genome.|neighbours:ID:YP_009819974.1(-1),ID:YP_009819976.1(-1)|neighbour_genes:ORF13,hypothetical protein|
82,Halorubrum-pleomorphic-virus-11_taxid_2507577.gbk,ID:YP_009819976.1 |[Halorubrum pleomorphic virus 11]||Halorubrum-pleomorphic-virus-11_taxid_2507577.gbk|hypothetical protein|300|NC_048158(9368):8340-8639:-1 ^GeneID:55011404^ Halorubrum pleomorphic virus 11, complete genome.|neighbours:ID:YP_009819975.1(-1),ID:YP_009819977.1(-1)|neighbour_genes:ORF9,hypothetical protein|
83,Halorubrum-pleomorphic-virus-11_taxid_2507577.gbk,ID:YP_009819977.1 |[Halorubrum pleomorphic virus 11]||Halorubrum-pleomorphic-virus-11_taxid_2507577.gbk|hypothetical protein|135|NC_048158(9368):8636-8770:-1 ^GeneID:55011405^ Halorubrum pleomorphic virus 11, complete genome.|neighbours:ID:YP_009819976.1(-1),ID:YP_009819978.1(-1)|neighbour_genes:hypothetical protein,ORF12|
84,Halorubrum-pleomorphic-virus-11_taxid_2507577.gbk,ID:YP_009819978.1 |[Halorubrum pleomorphic virus 11]||Halorubrum-pleomorphic-virus-11_taxid_2507577.gbk|ORF12|258|NC_048158(9368):9087-9344:-1 ^GeneID:55011406^ Halorubrum pleomorphic virus 11, complete genome.|neighbours:ID:YP_009819977.1(-1),end()|neighbour_genes:hypothetical protein,end()|
85,Halorubrum-pleomorphic-virus-12_taxid_2507578.gbk,ID:YP_009819935.1 |[Halorubrum pleomorphic virus 12]||Halorubrum-pleomorphic-virus-12_taxid_2507578.gbk|VP2|411|NC_048156(9944):25-435:1 ^GeneID:55011377^ Halorubrum pleomorphic virus 12, complete genome.|neighbours:start(),ID:YP_009819936.1(1)|neighbour_genes:start(),hypothetical protein|
86,Halorubrum-pleomorphic-virus-12_taxid_2507578.gbk,ID:YP_009819936.1 |[Halorubrum pleomorphic virus 12]||Halorubrum-pleomorphic-virus-12_taxid_2507578.gbk|hypothetical protein|258|NC_048156(9944):435-692:1 ^GeneID:55011362^ Halorubrum pleomorphic virus 12, complete genome.|neighbours:ID:YP_009819935.1(1),ID:YP_009819937.1(1)|neighbour_genes:VP2,hypothetical protein|
87,Halorubrum-pleomorphic-virus-12_taxid_2507578.gbk,ID:YP_009819937.1 |[Halorubrum pleomorphic virus 12]||Halorubrum-pleomorphic-virus-12_taxid_2507578.gbk|hypothetical protein|534|NC_048156(9944):692-1225:1 ^GeneID:55011363^ Halorubrum pleomorphic virus 12, complete genome.|neighbours:ID:YP_009819936.1(1),ID:YP_009819938.1(1)|neighbour_genes:hypothetical protein,VP4 precursor|
88,Halorubrum-pleomorphic-virus-12_taxid_2507578.gbk,ID:YP_009819938.1 |[Halorubrum pleomorphic virus 12]||Halorubrum-pleomorphic-virus-12_taxid_2507578.gbk|VP4 precursor|1581|NC_048156(9944):1227-2807:1 ^GeneID:55011364^ Halorubrum pleomorphic virus 12, complete genome.|neighbours:ID:YP_009819937.1(1),ID:YP_009819939.1(1)|neighbour_genes:hypothetical protein,ORF5|
89,Halorubrum-pleomorphic-virus-12_taxid_2507578.gbk,ID:YP_009819939.1 |[Halorubrum pleomorphic virus 12]||Halorubrum-pleomorphic-virus-12_taxid_2507578.gbk|ORF5|573|NC_048156(9944):2814-3386:1 ^GeneID:55011365^ Halorubrum pleomorphic virus 12, complete genome.|neighbours:ID:YP_009819938.1(1),ID:YP_009819940.1(1)|neighbour_genes:VP4 precursor,ORF6|
90,Halorubrum-pleomorphic-virus-12_taxid_2507578.gbk,ID:YP_009819940.1 |[Halorubrum pleomorphic virus 12]||Halorubrum-pleomorphic-virus-12_taxid_2507578.gbk|ORF6|771|NC_048156(9944):3383-4153:1 ^GeneID:55011366^ Halorubrum pleomorphic virus 12, complete genome.|neighbours:ID:YP_009819939.1(1),ID:YP_009819941.1(1)|neighbour_genes:ORF5,ORF7|
91,Halorubrum-pleomorphic-virus-12_taxid_2507578.gbk,ID:YP_009819941.1 |[Halorubrum pleomorphic virus 12]||Halorubrum-pleomorphic-virus-12_taxid_2507578.gbk|ORF7|1113|NC_048156(9944):4150-5262:1 ^GeneID:55011367^ Halorubrum pleomorphic virus 12, complete genome.|neighbours:ID:YP_009819940.1(1),ID:YP_009819942.1(1)|neighbour_genes:ORF6,ORF9|
92,Halorubrum-pleomorphic-virus-12_taxid_2507578.gbk,ID:YP_009819942.1 |[Halorubrum pleomorphic virus 12]||Halorubrum-pleomorphic-virus-12_taxid_2507578.gbk|ORF9|399|NC_048156(9944):5425-5823:1 ^GeneID:55011368^ Halorubrum pleomorphic virus 12, complete genome.|neighbours:ID:YP_009819941.1(1),ID:YP_009819943.1(-1)|neighbour_genes:ORF7,hypothetical protein|
93,Halorubrum-pleomorphic-virus-12_taxid_2507578.gbk,ID:YP_009819943.1 |[Halorubrum pleomorphic virus 12]||Halorubrum-pleomorphic-virus-12_taxid_2507578.gbk|hypothetical protein|159|NC_048156(9944):5825-5983:-1 ^GeneID:55011369^ Halorubrum pleomorphic virus 12, complete genome.|neighbours:ID:YP_009819942.1(1),ID:YP_009819944.1(-1)|neighbour_genes:ORF9,hypothetical protein|
94,Halorubrum-pleomorphic-virus-12_taxid_2507578.gbk,ID:YP_009819944.1 |[Halorubrum pleomorphic virus 12]||Halorubrum-pleomorphic-virus-12_taxid_2507578.gbk|hypothetical protein|141|NC_048156(9944):5980-6120:-1 ^GeneID:55011370^ Halorubrum pleomorphic virus 12, complete genome.|neighbours:ID:YP_009819943.1(-1),ID:YP_009819945.1(-1)|neighbour_genes:hypothetical protein,ORF13|
95,Halorubrum-pleomorphic-virus-12_taxid_2507578.gbk,ID:YP_009819945.1 |[Halorubrum pleomorphic virus 12]||Halorubrum-pleomorphic-virus-12_taxid_2507578.gbk|ORF13|252|NC_048156(9944):6117-6368:-1 ^GeneID:55011371^ Halorubrum pleomorphic virus 12, complete genome.|neighbours:ID:YP_009819944.1(-1),ID:YP_009819946.1(-1)|neighbour_genes:hypothetical protein,ORF9|
96,Halorubrum-pleomorphic-virus-12_taxid_2507578.gbk,ID:YP_009819946.1 |[Halorubrum pleomorphic virus 12]||Halorubrum-pleomorphic-virus-12_taxid_2507578.gbk|ORF9|1620|NC_048156(9944):6730-8349:-1 ^GeneID:55011372^ Halorubrum pleomorphic virus 12, complete genome.|neighbours:ID:YP_009819945.1(-1),ID:YP_009819947.1(-1)|neighbour_genes:ORF13,AdoMet-MTase|
97,Halorubrum-pleomorphic-virus-12_taxid_2507578.gbk,ID:YP_009819947.1 |[Halorubrum pleomorphic virus 12]||Halorubrum-pleomorphic-virus-12_taxid_2507578.gbk|AdoMet-MTase|570|NC_048156(9944):8346-8915:-1 ^GeneID:55011373^ Halorubrum pleomorphic virus 12, complete genome.|neighbours:ID:YP_009819946.1(-1),ID:YP_009819948.1(-1)|neighbour_genes:ORF9,hypothetical protein|
98,Halorubrum-pleomorphic-virus-12_taxid_2507578.gbk,ID:YP_009819948.1 |[Halorubrum pleomorphic virus 12]||Halorubrum-pleomorphic-virus-12_taxid_2507578.gbk|hypothetical protein|300|NC_048156(9944):8912-9211:-1 ^GeneID:55011374^ Halorubrum pleomorphic virus 12, complete genome.|neighbours:ID:YP_009819947.1(-1),ID:YP_009819949.1(-1)|neighbour_genes:AdoMet-MTase,hypothetical protein|
99,Halorubrum-pleomorphic-virus-12_taxid_2507578.gbk,ID:YP_009819949.1 |[Halorubrum pleomorphic virus 12]||Halorubrum-pleomorphic-virus-12_taxid_2507578.gbk|hypothetical protein|135|NC_048156(9944):9208-9342:-1 ^GeneID:55011375^ Halorubrum pleomorphic virus 12, complete genome.|neighbours:ID:YP_009819948.1(-1),ID:YP_009819950.1(-1)|neighbour_genes:hypothetical protein,ORF12|
100,Halorubrum-pleomorphic-virus-12_taxid_2507578.gbk,ID:YP_009819950.1 |[Halorubrum pleomorphic virus 12]||Halorubrum-pleomorphic-virus-12_taxid_2507578.gbk|ORF12|258|NC_048156(9944):9659-9916:-1 ^GeneID:55011376^ Halorubrum pleomorphic virus 12, complete genome.|neighbours:ID:YP_009819949.1(-1),end()|neighbour_genes:hypothetical protein,end()|
101,Halorubrum-pleomorphic-virus-1_taxid_634168.gbk,ID:YP_002791886.1 |[Halorubrum pleomorphic virus 1]||Halorubrum-pleomorphic-virus-1_taxid_634168.gbk|hypothetical protein|1503|NC_012558(7048):1-1503:1 ^GeneID:7755270^ Halorubrum pleomorphic virus 1, complete genome.|neighbours:start(),ID:YP_002791887.1(1)|neighbour_genes:start(),hypothetical protein|
102,Halorubrum-pleomorphic-virus-1_taxid_634168.gbk,ID:YP_002791887.1 |[Halorubrum pleomorphic virus 1]||Halorubrum-pleomorphic-virus-1_taxid_634168.gbk|hypothetical protein|381|NC_012558(7048):1579-1959:1 ^GeneID:7755262^ Halorubrum pleomorphic virus 1, complete genome.|neighbours:ID:YP_002791886.1(1),ID:YP_002791888.1(1)|neighbour_genes:hypothetical protein,VP3|
103,Halorubrum-pleomorphic-virus-1_taxid_634168.gbk,ID:YP_002791888.1 |[Halorubrum pleomorphic virus 1]||Halorubrum-pleomorphic-virus-1_taxid_634168.gbk|VP3|399|NC_012558(7048):1959-2357:1 ^GeneID:7755263^ Halorubrum pleomorphic virus 1, complete genome.|neighbours:ID:YP_002791887.1(1),ID:YP_002791889.1(1)|neighbour_genes:hypothetical protein,VP4 precursor|
104,Halorubrum-pleomorphic-virus-1_taxid_634168.gbk,ID:YP_002791889.1 |[Halorubrum pleomorphic virus 1]||Halorubrum-pleomorphic-virus-1_taxid_634168.gbk|VP4 precursor|1557|NC_012558(7048):2363-3919:1 ^GeneID:7755264^ Halorubrum pleomorphic virus 1, complete genome.|neighbours:ID:YP_002791888.1(1),ID:YP_002791890.1(1)|neighbour_genes:VP3,hypothetical protein|
105,Halorubrum-pleomorphic-virus-1_taxid_634168.gbk,ID:YP_002791890.1 |[Halorubrum pleomorphic virus 1]||Halorubrum-pleomorphic-virus-1_taxid_634168.gbk|hypothetical protein|174|NC_012558(7048):3921-4094:1 ^GeneID:7755265^ Halorubrum pleomorphic virus 1, complete genome.|neighbours:ID:YP_002791889.1(1),ID:YP_002791891.1(1)|neighbour_genes:VP4 precursor,hypothetical protein|
106,Halorubrum-pleomorphic-virus-1_taxid_634168.gbk,ID:YP_002791891.1 |[Halorubrum pleomorphic virus 1]||Halorubrum-pleomorphic-virus-1_taxid_634168.gbk|hypothetical protein|546|NC_012558(7048):4127-4672:1 ^GeneID:7755266^ Halorubrum pleomorphic virus 1, complete genome.|neighbours:ID:YP_002791890.1(1),ID:YP_002791892.1(1)|neighbour_genes:hypothetical protein,hypothetical protein|
107,Halorubrum-pleomorphic-virus-1_taxid_634168.gbk,ID:YP_002791892.1 |[Halorubrum pleomorphic virus 1]||Halorubrum-pleomorphic-virus-1_taxid_634168.gbk|hypothetical protein|813|NC_012558(7048):4669-5481:1 ^GeneID:7755267^ Halorubrum pleomorphic virus 1, complete genome.|neighbours:ID:YP_002791891.1(1),ID:YP_002791893.1(1)|neighbour_genes:hypothetical protein,VP8|
108,Halorubrum-pleomorphic-virus-1_taxid_634168.gbk,ID:YP_002791893.1 |[Halorubrum pleomorphic virus 1]||Halorubrum-pleomorphic-virus-1_taxid_634168.gbk|VP8|1032|NC_012558(7048):5402-6433:1 ^GeneID:7755268^ Halorubrum pleomorphic virus 1, complete genome.|neighbours:ID:YP_002791892.1(1),ID:YP_002791894.1(1)|neighbour_genes:hypothetical protein,hypothetical protein|
109,Halorubrum-pleomorphic-virus-1_taxid_634168.gbk,ID:YP_002791894.1 |[Halorubrum pleomorphic virus 1]||Halorubrum-pleomorphic-virus-1_taxid_634168.gbk|hypothetical protein|372|NC_012558(7048):6605-6976:1 ^GeneID:7755269^ Halorubrum pleomorphic virus 1, complete genome.|neighbours:ID:YP_002791893.1(1),end()|neighbour_genes:VP8,end()|
110,Halorubrum-pleomorphic-virus-2_taxid_1156719.gbk,ID:YP_005454258.1 |[Halorubrum pleomorphic virus 2]||Halorubrum-pleomorphic-virus-2_taxid_1156719.gbk|ORF1|1968|NC_017087(10656):10-1977:1 ^GeneID:11948245^ Halorubrum pleomorphic virus 2, complete genome.|neighbours:start(),ID:YP_005454259.1(1)|neighbour_genes:start(),ORF2|
111,Halorubrum-pleomorphic-virus-2_taxid_1156719.gbk,ID:YP_005454259.1 |[Halorubrum pleomorphic virus 2]||Halorubrum-pleomorphic-virus-2_taxid_1156719.gbk|ORF2|237|NC_017087(10656):2189-2425:1 ^GeneID:11948246^ Halorubrum pleomorphic virus 2, complete genome.|neighbours:ID:YP_005454258.1(1),ID:YP_005454260.1(1)|neighbour_genes:ORF1,ORF3|
112,Halorubrum-pleomorphic-virus-2_taxid_1156719.gbk,ID:YP_005454260.1 |[Halorubrum pleomorphic virus 2]||Halorubrum-pleomorphic-virus-2_taxid_1156719.gbk|ORF3|384|NC_017087(10656):2503-2886:1 ^GeneID:11948247^ Halorubrum pleomorphic virus 2, complete genome.|neighbours:ID:YP_005454259.1(1),ID:YP_005454261.1(1)|neighbour_genes:ORF2,4|
113,Halorubrum-pleomorphic-virus-2_taxid_1156719.gbk,ID:YP_005454261.1 |[Halorubrum pleomorphic virus 2]||Halorubrum-pleomorphic-virus-2_taxid_1156719.gbk|4|402|NC_017087(10656):2886-3287:1 ^GeneID:11948248^ Halorubrum pleomorphic virus 2, complete genome.|neighbours:ID:YP_005454260.1(1),ID:YP_005454262.1(1)|neighbour_genes:ORF3,5|
114,Halorubrum-pleomorphic-virus-2_taxid_1156719.gbk,ID:YP_005454262.1 |[Halorubrum pleomorphic virus 2]||Halorubrum-pleomorphic-virus-2_taxid_1156719.gbk|5|1698|NC_017087(10656):3416-5113:1 ^GeneID:11948249^ Halorubrum pleomorphic virus 2, complete genome.|neighbours:ID:YP_005454261.1(1),ID:YP_005454263.1(1)|neighbour_genes:4,ORF6|
115,Halorubrum-pleomorphic-virus-2_taxid_1156719.gbk,ID:YP_005454263.1 |[Halorubrum pleomorphic virus 2]||Halorubrum-pleomorphic-virus-2_taxid_1156719.gbk|ORF6|531|NC_017087(10656):5122-5652:1 ^GeneID:11948250^ Halorubrum pleomorphic virus 2, complete genome.|neighbours:ID:YP_005454262.1(1),ID:YP_005454264.1(1)|neighbour_genes:5,ORF7|
116,Halorubrum-pleomorphic-virus-2_taxid_1156719.gbk,ID:YP_005454264.1 |[Halorubrum pleomorphic virus 2]||Halorubrum-pleomorphic-virus-2_taxid_1156719.gbk|ORF7|837|NC_017087(10656):5649-6485:1 ^GeneID:11948251^ Halorubrum pleomorphic virus 2, complete genome.|neighbours:ID:YP_005454263.1(1),ID:YP_005454265.1(1)|neighbour_genes:ORF6,ORF8|
117,Halorubrum-pleomorphic-virus-2_taxid_1156719.gbk,ID:YP_005454265.1 |[Halorubrum pleomorphic virus 2]||Halorubrum-pleomorphic-virus-2_taxid_1156719.gbk|ORF8|954|NC_017087(10656):6478-7431:1 ^GeneID:11948252^ Halorubrum pleomorphic virus 2, complete genome.|neighbours:ID:YP_005454264.1(1),ID:YP_005454266.1(-1)|neighbour_genes:ORF7,ORF9|
118,Halorubrum-pleomorphic-virus-2_taxid_1156719.gbk,ID:YP_005454266.1 |[Halorubrum pleomorphic virus 2]||Halorubrum-pleomorphic-virus-2_taxid_1156719.gbk|ORF9|198|NC_017087(10656):7682-7879:-1 ^GeneID:11948253^ Halorubrum pleomorphic virus 2, complete genome.|neighbours:ID:YP_005454265.1(1),ID:YP_005454267.1(-1)|neighbour_genes:ORF8,ORF10|
119,Halorubrum-pleomorphic-virus-2_taxid_1156719.gbk,ID:YP_005454267.1 |[Halorubrum pleomorphic virus 2]||Halorubrum-pleomorphic-virus-2_taxid_1156719.gbk|ORF10|327|NC_017087(10656):7872-8198:-1 ^GeneID:11948254^ Halorubrum pleomorphic virus 2, complete genome.|neighbours:ID:YP_005454266.1(-1),ID:YP_005454268.1(-1)|neighbour_genes:ORF9,ORF11|
120,Halorubrum-pleomorphic-virus-2_taxid_1156719.gbk,ID:YP_005454268.1 |[Halorubrum pleomorphic virus 2]||Halorubrum-pleomorphic-virus-2_taxid_1156719.gbk|ORF11|312|NC_017087(10656):8140-8451:-1 ^GeneID:11948255^ Halorubrum pleomorphic virus 2, complete genome.|neighbours:ID:YP_005454267.1(-1),ID:YP_005454269.1(-1)|neighbour_genes:ORF10,ORF12|
121,Halorubrum-pleomorphic-virus-2_taxid_1156719.gbk,ID:YP_005454269.1 |[Halorubrum pleomorphic virus 2]||Halorubrum-pleomorphic-virus-2_taxid_1156719.gbk|ORF12|396|NC_017087(10656):8517-8912:-1 ^GeneID:11948241^ Halorubrum pleomorphic virus 2, complete genome.|neighbours:ID:YP_005454268.1(-1),ID:YP_005454270.1(-1)|neighbour_genes:ORF11,ORF13|
122,Halorubrum-pleomorphic-virus-2_taxid_1156719.gbk,ID:YP_005454270.1 |[Halorubrum pleomorphic virus 2]||Halorubrum-pleomorphic-virus-2_taxid_1156719.gbk|ORF13|387|NC_017087(10656):8925-9311:-1 ^GeneID:11948242^ Halorubrum pleomorphic virus 2, complete genome.|neighbours:ID:YP_005454269.1(-1),ID:YP_005454271.1(-1)|neighbour_genes:ORF12,ORF14|
123,Halorubrum-pleomorphic-virus-2_taxid_1156719.gbk,ID:YP_005454271.1 |[Halorubrum pleomorphic virus 2]||Halorubrum-pleomorphic-virus-2_taxid_1156719.gbk|ORF14|462|NC_017087(10656):9311-9772:-1 ^GeneID:11948243^ Halorubrum pleomorphic virus 2, complete genome.|neighbours:ID:YP_005454270.1(-1),ID:YP_005454272.1(-1)|neighbour_genes:ORF13,ORF15|
124,Halorubrum-pleomorphic-virus-2_taxid_1156719.gbk,ID:YP_005454272.1 |[Halorubrum pleomorphic virus 2]||Halorubrum-pleomorphic-virus-2_taxid_1156719.gbk|ORF15|225|NC_017087(10656):10263-10487:-1 ^GeneID:11948244^ Halorubrum pleomorphic virus 2, complete genome.|neighbours:ID:YP_005454271.1(-1),end()|neighbour_genes:ORF14,end()|
125,Halorubrum-pleomorphic-virus-3_taxid_1156720.gbk,ID:YP_005454273.1 |[Halorubrum pleomorphic virus 3]||Halorubrum-pleomorphic-virus-3_taxid_1156720.gbk|1|423|NC_017088(8770):1-423:1 ^GeneID:11948259^ Halorubrum pleomorphic virus 3, complete genome.|neighbours:start(),ID:YP_005454274.1(1)|neighbour_genes:start(),2|
126,Halorubrum-pleomorphic-virus-3_taxid_1156720.gbk,ID:YP_005454274.1 |[Halorubrum pleomorphic virus 3]||Halorubrum-pleomorphic-virus-3_taxid_1156720.gbk|2|1842|NC_017088(8770):520-2361:1 ^GeneID:11948260^ Halorubrum pleomorphic virus 3, complete genome.|neighbours:ID:YP_005454273.1(1),ID:YP_005454275.1(1)|neighbour_genes:1,ORF3|
127,Halorubrum-pleomorphic-virus-3_taxid_1156720.gbk,ID:YP_005454275.1 |[Halorubrum pleomorphic virus 3]||Halorubrum-pleomorphic-virus-3_taxid_1156720.gbk|ORF3|573|NC_017088(8770):2374-2946:1 ^GeneID:11948261^ Halorubrum pleomorphic virus 3, complete genome.|neighbours:ID:YP_005454274.1(1),ID:YP_005454276.1(1)|neighbour_genes:2,ORF4|
128,Halorubrum-pleomorphic-virus-3_taxid_1156720.gbk,ID:YP_005454276.1 |[Halorubrum pleomorphic virus 3]||Halorubrum-pleomorphic-virus-3_taxid_1156720.gbk|ORF4|786|NC_017088(8770):2943-3728:1 ^GeneID:11948262^ Halorubrum pleomorphic virus 3, complete genome.|neighbours:ID:YP_005454275.1(1),ID:YP_005454277.1(1)|neighbour_genes:ORF3,ORF5|
129,Halorubrum-pleomorphic-virus-3_taxid_1156720.gbk,ID:YP_005454277.1 |[Halorubrum pleomorphic virus 3]||Halorubrum-pleomorphic-virus-3_taxid_1156720.gbk|ORF5|1164|NC_017088(8770):3721-4884:1 ^GeneID:11948263^ Halorubrum pleomorphic virus 3, complete genome.|neighbours:ID:YP_005454276.1(1),ID:YP_005454278.1(1)|neighbour_genes:ORF4,ORF6|
130,Halorubrum-pleomorphic-virus-3_taxid_1156720.gbk,ID:YP_005454278.1 |[Halorubrum pleomorphic virus 3]||Halorubrum-pleomorphic-virus-3_taxid_1156720.gbk|ORF6|396|NC_017088(8770):5064-5459:1 ^GeneID:11948264^ Halorubrum pleomorphic virus 3, complete genome.|neighbours:ID:YP_005454277.1(1),ID:YP_005454279.1(-1)|neighbour_genes:ORF5,ORF7|
131,Halorubrum-pleomorphic-virus-3_taxid_1156720.gbk,ID:YP_005454279.1 |[Halorubrum pleomorphic virus 3]||Halorubrum-pleomorphic-virus-3_taxid_1156720.gbk|ORF7|417|NC_017088(8770):5456-5872:-1 ^GeneID:11948265^ Halorubrum pleomorphic virus 3, complete genome.|neighbours:ID:YP_005454278.1(1),ID:YP_005454280.1(-1)|neighbour_genes:ORF6,ORF8|
132,Halorubrum-pleomorphic-virus-3_taxid_1156720.gbk,ID:YP_005454280.1 |[Halorubrum pleomorphic virus 3]||Halorubrum-pleomorphic-virus-3_taxid_1156720.gbk|ORF8|126|NC_017088(8770):6074-6199:-1 ^GeneID:11948266^ Halorubrum pleomorphic virus 3, complete genome.|neighbours:ID:YP_005454279.1(-1),ID:YP_005454281.1(-1)|neighbour_genes:ORF7,ORF9|
133,Halorubrum-pleomorphic-virus-3_taxid_1156720.gbk,ID:YP_005454281.1 |[Halorubrum pleomorphic virus 3]||Halorubrum-pleomorphic-virus-3_taxid_1156720.gbk|ORF9|1638|NC_017088(8770):6252-7889:-1 ^GeneID:11948267^ Halorubrum pleomorphic virus 3, complete genome.|neighbours:ID:YP_005454280.1(-1),ID:YP_005454282.1(-1)|neighbour_genes:ORF8,ORF10|
134,Halorubrum-pleomorphic-virus-3_taxid_1156720.gbk,ID:YP_005454282.1 |[Halorubrum pleomorphic virus 3]||Halorubrum-pleomorphic-virus-3_taxid_1156720.gbk|ORF10|243|NC_017088(8770):7886-8128:-1 ^GeneID:11948268^ Halorubrum pleomorphic virus 3, complete genome.|neighbours:ID:YP_005454281.1(-1),ID:YP_005454283.1(-1)|neighbour_genes:ORF9,ORF11|
135,Halorubrum-pleomorphic-virus-3_taxid_1156720.gbk,ID:YP_005454283.1 |[Halorubrum pleomorphic virus 3]||Halorubrum-pleomorphic-virus-3_taxid_1156720.gbk|ORF11|135|NC_017088(8770):8125-8259:-1 ^GeneID:11948269^ Halorubrum pleomorphic virus 3, complete genome.|neighbours:ID:YP_005454282.1(-1),ID:YP_005454284.1(-1)|neighbour_genes:ORF10,ORF12|
136,Halorubrum-pleomorphic-virus-3_taxid_1156720.gbk,ID:YP_005454284.1 |[Halorubrum pleomorphic virus 3]||Halorubrum-pleomorphic-virus-3_taxid_1156720.gbk|ORF12|276|NC_017088(8770):8461-8736:-1 ^GeneID:11948258^ Halorubrum pleomorphic virus 3, complete genome.|neighbours:ID:YP_005454283.1(-1),end()|neighbour_genes:ORF11,end()|
137,Halorubrum-pleomorphic-virus-6_taxid_1156721.gbk,ID:YP_005454285.1 |[Halorubrum pleomorphic virus 6]||Halorubrum-pleomorphic-virus-6_taxid_1156721.gbk|ORF1|1968|NC_017089(8549):23-1990:1 ^GeneID:11948272^ Halorubrum pleomorphic virus 6, complete genome.|neighbours:start(),ID:YP_005454286.1(1)|neighbour_genes:start(),ORF2|
138,Halorubrum-pleomorphic-virus-6_taxid_1156721.gbk,ID:YP_005454286.1 |[Halorubrum pleomorphic virus 6]||Halorubrum-pleomorphic-virus-6_taxid_1156721.gbk|ORF2|381|NC_017089(8549):1987-2367:1 ^GeneID:11948273^ Halorubrum pleomorphic virus 6, complete genome.|neighbours:ID:YP_005454285.1(1),ID:YP_005454287.1(1)|neighbour_genes:ORF1,ORF3|
139,Halorubrum-pleomorphic-virus-6_taxid_1156721.gbk,ID:YP_005454287.1 |[Halorubrum pleomorphic virus 6]||Halorubrum-pleomorphic-virus-6_taxid_1156721.gbk|ORF3|384|NC_017089(8549):2443-2826:1 ^GeneID:11948274^ Halorubrum pleomorphic virus 6, complete genome.|neighbours:ID:YP_005454286.1(1),ID:YP_005454288.1(1)|neighbour_genes:ORF2,4|
140,Halorubrum-pleomorphic-virus-6_taxid_1156721.gbk,ID:YP_005454288.1 |[Halorubrum pleomorphic virus 6]||Halorubrum-pleomorphic-virus-6_taxid_1156721.gbk|4|402|NC_017089(8549):2826-3227:1 ^GeneID:11948275^ Halorubrum pleomorphic virus 6, complete genome.|neighbours:ID:YP_005454287.1(1),ID:YP_005454289.1(1)|neighbour_genes:ORF3,5|
141,Halorubrum-pleomorphic-virus-6_taxid_1156721.gbk,ID:YP_005454289.1 |[Halorubrum pleomorphic virus 6]||Halorubrum-pleomorphic-virus-6_taxid_1156721.gbk|5|1710|NC_017089(8549):3356-5065:1 ^GeneID:11948276^ Halorubrum pleomorphic virus 6, complete genome.|neighbours:ID:YP_005454288.1(1),ID:YP_005454290.1(1)|neighbour_genes:4,ORF6|
142,Halorubrum-pleomorphic-virus-6_taxid_1156721.gbk,ID:YP_005454290.1 |[Halorubrum pleomorphic virus 6]||Halorubrum-pleomorphic-virus-6_taxid_1156721.gbk|ORF6|531|NC_017089(8549):5074-5604:1 ^GeneID:11948277^ Halorubrum pleomorphic virus 6, complete genome.|neighbours:ID:YP_005454289.1(1),ID:YP_005454291.1(1)|neighbour_genes:5,ORF7|
143,Halorubrum-pleomorphic-virus-6_taxid_1156721.gbk,ID:YP_005454291.1 |[Halorubrum pleomorphic virus 6]||Halorubrum-pleomorphic-virus-6_taxid_1156721.gbk|ORF7|837|NC_017089(8549):5601-6437:1 ^GeneID:11948278^ Halorubrum pleomorphic virus 6, complete genome.|neighbours:ID:YP_005454290.1(1),ID:YP_005454292.1(1)|neighbour_genes:ORF6,ORF8|
144,Halorubrum-pleomorphic-virus-6_taxid_1156721.gbk,ID:YP_005454292.1 |[Halorubrum pleomorphic virus 6]||Halorubrum-pleomorphic-virus-6_taxid_1156721.gbk|ORF8|951|NC_017089(8549):6430-7380:1 ^GeneID:11948279^ Halorubrum pleomorphic virus 6, complete genome.|neighbours:ID:YP_005454291.1(1),ID:YP_005454293.1(-1)|neighbour_genes:ORF7,ORF9|
145,Halorubrum-pleomorphic-virus-6_taxid_1156721.gbk,ID:YP_005454293.1 |[Halorubrum pleomorphic virus 6]||Halorubrum-pleomorphic-virus-6_taxid_1156721.gbk|ORF9|669|NC_017089(8549):7395-8063:-1 ^GeneID:11948280^ Halorubrum pleomorphic virus 6, complete genome.|neighbours:ID:YP_005454292.1(1),ID:YP_005454294.1(-1)|neighbour_genes:ORF8,ORF10|
146,Halorubrum-pleomorphic-virus-6_taxid_1156721.gbk,ID:YP_005454294.1 |[Halorubrum pleomorphic virus 6]||Halorubrum-pleomorphic-virus-6_taxid_1156721.gbk|ORF10|225|NC_017089(8549):8169-8393:-1 ^GeneID:11948281^ Halorubrum pleomorphic virus 6, complete genome.|neighbours:ID:YP_005454293.1(-1),end()|neighbour_genes:ORF9,end()|
